index    ||  arrival  ||  burst  ||  priority  ||  waiting  ||  turnAround
236           0          415           485          0            415
554           0          52           777          415            467
414           1          826           193          466            1292
645           1          805           322          1292            2097
57           2          626           397          2096            2722
647           2          748           862          2722            3470
136           3          697           543          3469            4166
366           3          613           856          4166            4779
853           3          826           22          4779            5605
830           4          995           182          5604            6599
476           5          970           965          6598            7568
262           5          964           531          7568            8532
907           5          994           567          8532            9526
867           6          681           861          9525            10206
813           7          704           218          10205            10909
769           8          990           302          10908            11898
708           8          640           333          11898            12538
574           9          836           595          12537            13373
684           10          205           588          13372            13577
671           10          302           74          13577            13879
991           10          370           604          13879            14249
582           13          595           34          14246            14841
368           13          4           283          14841            14845
412           13          469           158          14845            15314
788           13          128           297          15314            15442
305           13          522           38          15442            15964
428           14          628           36          15963            16591
86           14          154           111          16591            16745
446           15          455           49          16744            17199
6           15          138           475          17199            17337
1           15          970           534          17337            18307
727           16          522           845          18306            18828
424           16          211           80          18828            19039
152           16          91           113          19039            19130
205           18          343           969          19128            19471
630           18          711           718          19471            20182
49           19          269           88          20181            20450
829           20          377           845          20449            20826
234           21          316           924          20825            21141
82           25          462           596          21137            21599
142           26          929           918          21598            22527
983           26          48           968          22527            22575
851           26          606           426          22575            23181
137           27          339           959          23180            23519
876           28          457           376          23518            23975
947           29          699           828          23974            24673
745           32          527           997          24670            25197
392           32          517           757          25197            25714
193           34          679           148          25712            26391
767           34          615           195          26391            27006
293           34          715           837          27006            27721
237           39          369           561          27716            28085
695           44          243           877          28080            28323
497           44          254           728          28323            28577
124           45          346           238          28576            28922
642           48          121           922          28919            29040
604           49          775           244          29039            29814
668           50          423           639          29813            30236
808           51          958           293          30235            31193
248           52          143           941          31192            31335
87           52          168           64          31335            31503
268           52          921           963          31503            32424
452           53          309           652          32423            32732
444           54          799           264          32731            33530
707           54          629           740          33530            34159
666           55          566           311          34158            34724
324           55          815           150          34724            35539
755           57          601           619          35537            36138
934           61          77           76          36134            36211
457           61          738           499          36211            36949
219           61          39           299          36949            36988
263           61          740           10          36988            37728
126           62          703           556          37727            38430
327           63          18           682          38429            38447
145           63          491           382          38447            38938
633           65          588           919          38936            39524
46           65          891           429          39524            40415
506           66          571           562          40414            40985
566           69          253           477          40982            41235
93           70          349           668          41234            41583
588           71          882           609          41582            42464
348           74          92           234          42461            42553
63           76          370           997          42551            42921
593           76          855           637          42921            43776
507           77          528           517          43775            44303
397           78          600           879          44302            44902
827           79          486           850          44901            45387
892           81          901           890          45385            46286
143           81          630           388          46286            46916
186           82          800           207          46915            47715
605           83          621           78          47714            48335
990           83          864           633          48335            49199
833           83          403           317          49199            49602
843           85          506           174          49600            50106
88           85          70           726          50106            50176
979           86          240           682          50175            50415
294           86          905           479          50415            51320
25           87          2           976          51319            51321
741           88          282           185          51320            51602
678           91          835           617          51599            52434
999           94          22           216          52431            52453
139           96          66           806          52451            52517
31           96          490           40          52517            53007
753           98          80           172          53005            53085
759           99          750           274          53084            53834
317           100          526           160          53833            54359
825           101          540           969          54358            54898
774           104          581           251          54895            55476
931           105          258           876          55475            55733
119           105          552           291          55733            56285
571           107          309           892          56283            56592
247           108          850           166          56591            57441
802           108          750           925          57441            58191
740           111          413           93          58188            58601
868           113          440           414          58599            59039
390           113          33           876          59039            59072
133           115          918           584          59070            59988
903           116          91           774          59987            60078
835           117          909           257          60077            60986
712           117          705           134          60986            61691
201           117          265           943          61691            61956
301           117          13           137          61956            61969
304           117          960           508          61969            62929
418           117          329           952          62929            63258
890           119          658           716          63256            63914
300           119          715           853          63914            64629
929           120          140           766          64628            64768
245           121          974           629          64767            65741
229           121          768           221          65741            66509
169           123          455           646          66507            66962
758           124          251           631          66961            67212
810           126          752           420          67210            67962
442           128          227           691          67960            68187
975           129          748           863          68186            68934
657           129          511           949          68934            69445
475           129          93           991          69445            69538
803           130          316           242          69537            69853
641           134          30           211          69849            69879
842           134          452           203          69879            70331
590           135          875           264          70330            71205
358           136          5           166          71204            71209
576           138          700           711          71207            71907
479           139          31           638          71906            71937
942           139          523           444          71937            72460
800           139          339           333          72460            72799
911           140          70           873          72798            72868
90           143          524           504          72865            73389
456           144          963           500          73388            74351
494           145          192           957          74350            74542
222           146          168           445          74541            74709
617           147          90           374          74708            74798
941           147          66           98          74798            74864
682           148          448           117          74863            75311
383           148          9           316          75311            75320
448           149          847           559          75319            76166
165           150          141           91          76165            76306
885           152          491           609          76304            76795
72           152          670           268          76795            77465
548           152          577           555          77465            78042
254           160          81           715          78034            78115
464           160          975           798          78115            79090
104           161          346           723          79089            79435
286           161          969           624          79435            80404
258           162          961           587          80403            81364
820           163          853           822          81363            82216
108           164          598           83          82215            82813
42           164          666           539          82813            83479
518           165          124           732          83478            83602
771           167          869           261          83600            84469
162           168          652           434          84468            85120
359           169          308           541          85119            85427
786           172          565           460          85424            85989
815           173          272           869          85988            86260
738           173          399           565          86260            86659
988           173          25           51          86659            86684
693           174          984           662          86683            87667
170           174          637           370          87667            88304
997           175          247           482          88303            88550
776           176          122           448          88549            88671
592           177          208           766          88670            88878
364           177          740           150          88878            89618
335           177          596           440          89618            90214
521           177          791           798          90214            91005
996           178          215           429          91004            91219
652           178          950           605          91219            92169
966           178          959           81          92169            93128
89           183          294           753          93123            93417
669           183          413           309          93417            93830
114           184          824           266          93829            94653
179           185          759           197          94652            95411
194           188          587           236          95408            95995
128           188          297           65          95995            96292
109           188          998           559          96292            97290
251           189          429           334          97289            97718
269           189          506           680          97718            98224
721           190          439           809          98223            98662
199           190          57           708          98662            98719
714           190          26           13          98719            98745
785           191          346           59          98744            99090
702           192          908           383          99089            99997
70           192          770           189          99997            100767
899           193          630           575          100766            101396
751           193          448           356          101396            101844
974           194          588           595          101843            102431
618           194          864           969          102431            103295
454           195          602           919          103294            103896
277           195          952           111          103896            104848
159           195          171           676          104848            105019
639           195          752           470          105019            105771
735           196          916           306          105770            106686
360           197          417           329          106685            107102
614           198          517           435          107101            107618
500           198          591           384          107618            108209
676           198          554           712          108209            108763
982           199          481           267          108762            109243
928           199          369           311          109243            109612
513           200          587           375          109611            110198
302           202          4           790          110196            110200
1000           202          249           841          110200            110449
897           204          515           408          110447            110962
180           207          529           229          110959            111488
926           209          194           201          111486            111680
705           209          301           50          111680            111981
51           209          468           219          111981            112449
826           210          86           688          112448            112534
895           211          275           913          112533            112808
45           211          75           773          112808            112883
489           211          546           105          112883            113429
298           213          421           555          113427            113848
930           213          129           82          113848            113977
710           215          376           324          113975            114351
127           217          585           25          114349            114934
586           217          866           931          114934            115800
470           219          587           669          115798            116385
656           219          554           345          116385            116939
602           219          94           468          116939            117033
283           221          296           413          117031            117327
23           222          520           420          117326            117846
355           224          478           243          117844            118322
369           225          459           454          118321            118780
62           225          746           27          118780            119526
503           226          244           518          119525            119769
314           227          250           916          119768            120018
297           230          258           937          120015            120273
817           230          459           987          120273            120732
363           231          891           187          120731            121622
989           231          171           170          121622            121793
29           232          132           659          121792            121924
54           233          675           921          121923            122598
749           235          439           801          122596            123035
386           235          700           289          123035            123735
13           235          796           449          123735            124531
715           236          677           726          124530            125207
178           236          836           820          125207            126043
836           236          523           192          126043            126566
720           238          202           592          126564            126766
212           239          903           58          126765            127668
321           241          902           305          127666            128568
603           242          589           762          128567            129156
326           242          452           689          129156            129608
393           243          958           949          129607            130565
461           244          523           862          130564            131087
567           245          870           805          131086            131956
41           245          24           254          131956            131980
77           245          295           371          131980            132275
56           246          334           283          132274            132608
696           246          449           654          132608            133057
278           247          633           772          133056            133689
773           247          795           656          133689            134484
402           247          718           568          134484            135202
568           249          370           884          135200            135570
440           251          729           997          135568            136297
763           253          36           394          136295            136331
878           255          394           27          136329            136723
525           256          258           587          136722            136980
232           257          154           644          136979            137133
978           259          691           925          137131            137822
528           259          895           412          137822            138717
850           262          917           712          138714            139631
841           262          632           73          139631            140263
487           262          279           444          140263            140542
490           262          347           99          140542            140889
775           264          846           149          140887            141733
819           264          350           222          141733            142083
423           264          319           347          142083            142402
95           265          89           454          142401            142490
289           265          888           467          142490            143378
349           266          268           459          143377            143645
925           268          571           373          143643            144214
560           269          706           513          144213            144919
378           269          394           789          144919            145313
646           269          20           69          145313            145333
986           269          172           78          145333            145505
959           272          562           164          145502            146064
667           273          996           370          146063            147059
859           273          296           653          147059            147355
955           274          939           378          147354            148293
157           274          876           872          148293            149169
249           274          970           355          149169            150139
160           277          854           358          150136            150990
916           277          631           688          150990            151621
515           277          142           83          151621            151763
385           277          382           440          151763            152145
844           277          31           694          152145            152176
370           278          148           218          152175            152323
154           278          786           951          152323            153109
367           279          644           339          153108            153752
681           279          808           496          153752            154560
149           281          494           116          154558            155052
546           282          567           950          155051            155618
854           282          921           699          155618            156539
578           282          70           181          156539            156609
743           283          397           433          156608            157005
964           285          276           786          157003            157279
888           287          97           767          157277            157374
12           289          33           459          157372            157405
16           290          183           407          157404            157587
634           291          915           690          157586            158501
171           291          164           26          158501            158665
504           292          735           597          158664            159399
539           293          392           894          159398            159790
80           294          531           959          159789            160320
287           295          230           990          160319            160549
125           295          557           499          160549            161106
858           296          576           315          161105            161681
134           297          210           124          161680            161890
530           298          616           770          161889            162505
84           303          700           911          162500            163200
353           303          247           954          163200            163447
653           304          317           32          163446            163763
849           306          74           899          163761            163835
660           306          637           733          163835            164472
643           306          547           270          164472            165019
754           308          613           114          165017            165630
474           309          655           115          165629            166284
493           311          277           428          166282            166559
677           318          620           333          166552            167172
288           318          702           114          167172            167874
100           319          235           989          167873            168108
778           320          5           539          168107            168112
17           321          699           119          168111            168810
343           321          893           161          168810            169703
432           322          661           274          169702            170363
601           323          94           43          170362            170456
627           323          958           623          170456            171414
118           324          693           949          171413            172106
510           324          371           803          172106            172477
101           324          934           205          172477            173411
572           324          437           406          173411            173848
961           325          695           316          173847            174542
670           325          644           306          174542            175186
816           328          23           505          175183            175206
508           329          959           898          175205            176164
782           329          640           436          176164            176804
462           330          246           978          176803            177049
196           333          99           22          177046            177145
374           333          80           591          177145            177225
138           333          378           992          177225            177603
649           333          414           821          177603            178017
396           334          796           876          178016            178812
122           334          996           38          178812            179808
538           335          64           208          179807            179871
553           336          386           440          179870            180256
937           338          296           501          180254            180550
706           338          173           661          180550            180723
580           339          278           127          180722            181000
97           340          257           479          180999            181256
2           341          776           239          181255            182031
809           341          797           134          182031            182828
28           342          574           733          182827            183401
146           342          493           317          183401            183894
547           343          277           66          183893            184170
722           344          974           698          184169            185143
436           346          186           109          185141            185327
181           347          976           190          185326            186302
405           352          709           343          186297            187006
784           352          527           127          187006            187533
883           352          181           577          187533            187714
595           353          37           768          187713            187750
644           355          669           542          187748            188417
797           355          972           582          188417            189389
967           356          714           457          189388            190102
716           356          632           403          190102            190734
458           356          840           824          190734            191574
616           356          355           658          191574            191929
545           357          568           668          191928            192496
761           357          284           302          192496            192780
15           358          474           513          192779            193253
760           360          651           364          193251            193902
723           360          638           409          193902            194540
623           361          763           12          194539            195302
559           361          519           725          195302            195821
345           362          93           714          195820            195913
384           362          670           773          195913            196583
337           363          228           425          196582            196810
865           363          483           100          196810            197293
919           364          826           29          197292            198118
529           365          177           923          198117            198294
762           365          897           664          198294            199191
485           367          868           471          199189            200057
275           369          392           15          200055            200447
887           369          684           492          200447            201131
163           369          329           677          201131            201460
227           370          883           453          201459            202342
195           371          543           923          202341            202884
185           372          35           92          202883            202918
828           374          125           305          202916            203041
182           375          713           463          203040            203753
306           376          232           747          203752            203984
437           376          287           87          203984            204271
333           377          811           503          204270            205081
772           378          238           801          205080            205318
943           378          216           178          205318            205534
699           381          690           180          205531            206221
936           382          210           948          206220            206430
944           383          822           224          206429            207251
354           384          696           988          207250            207946
838           385          465           979          207945            208410
655           386          294           606          208409            208703
377           386          321           479          208703            209024
329           387          761           880          209023            209784
556           389          985           903          209782            210767
404           389          250           316          210767            211017
731           390          83           124          211016            211099
542           390          10           490          211099            211109
274           393          623           8          211106            211729
565           394          726           746          211728            212454
356           395          200           194          212453            212653
499           395          457           985          212653            213110
886           396          13           709          213109            213122
725           396          416           158          213122            213538
296           397          666           729          213537            214203
914           399          696           755          214201            214897
625           400          153           764          214896            215049
400           401          973           178          215048            216021
50           401          479           378          216021            216500
318           401          74           433          216500            216574
523           403          662           288          216572            217234
839           404          797           646          217233            218030
488           405          163           537          218029            218192
214           406          638           551          218191            218829
704           406          550           295          218829            219379
83           409          867           535          219376            220243
350           411          920           765          220241            221161
812           411          110           72          221161            221271
502           412          788           890          221270            222058
783           413          374           282          222057            222431
619           416          773           325          222428            223201
382           417          185           880          223200            223385
793           419          742           927          223383            224125
187           419          504           455          224125            224629
220           419          857           393          224629            225486
184           422          410           527          225483            225893
150           422          307           783          225893            226200
226           424          712           291          226198            226910
18           426          976           770          226908            227884
99           427          838           324          227883            228721
526           428          53           992          228720            228773
22           430          876           573          228771            229647
264           432          947           793          229645            230592
806           432          171           523          230592            230763
379           434          378           835          230761            231139
81           435          424           809          231138            231562
389           436          990           882          231561            232551
600           437          494           890          232550            233044
733           437          166           72          233044            233210
901           438          914           41          233209            234123
732           440          820           202          234121            234941
891           440          994           640          234941            235935
680           440          584           968          235935            236519
724           442          478           261          236517            236995
845           443          240           907          236994            237234
748           444          672           319          237233            237905
35           446          710           542          237903            238613
211           446          393           542          238613            239006
403           448          321           562          239004            239325
98           448          686           928          239325            240011
468           449          571           733          240010            240581
112           449          995           799          240581            241576
950           449          576           731          241576            242152
852           449          819           110          242152            242971
984           452          174           372          242968            243142
96           452          175           27          243142            243317
240           454          164           466          243315            243479
594           455          215           302          243478            243693
864           456          803           109          243692            244495
962           457          962           66          244494            245456
711           458          440           655          245455            245895
192           460          655           210          245893            246548
861           462          470           93          246546            247016
365           462          163           873          247016            247179
427           462          221           334          247179            247400
177           463          508           131          247399            247907
927           464          652           760          247906            248558
303           466          54           165          248556            248610
821           466          299           172          248610            248909
242           466          370           248          248909            249279
155           466          879           810          249279            250158
60           466          755           950          250158            250913
483           468          285           326          250911            251196
577           473          830           930          251191            252021
561           473          509           121          252021            252530
413           474          271           244          252529            252800
202           474          880           574          252800            253680
26           478          620           911          253676            254296
768           479          406           67          254295            254701
609           479          871           770          254701            255572
629           479          6           240          255572            255578
420           480          235           698          255577            255812
472           483          506           164          255809            256315
946           484          273           755          256314            256587
197           486          618           276          256585            257203
290           487          966           37          257202            258168
757           489          326           889          258166            258492
71           491          602           581          258490            259092
534           495          705           242          259088            259793
638           498          136           191          259790            259926
103           500          170           471          259924            260094
246           500          383           782          260094            260477
270           502          221           480          260475            260696
206           503          441           970          260695            261136
116           504          452           258          261135            261587
976           506          651           882          261585            262236
985           507          962           97          262235            263197
922           507          452           430          263197            263649
726           509          408           157          263647            264055
915           510          680           719          264054            264734
960           512          201           750          264732            264933
958           512          64           222          264933            264997
434           514          734           989          264995            265729
292           515          573           329          265728            266301
415           516          236           968          266300            266536
8           516          596           629          266536            267132
881           518          855           89          267130            267985
882           525          718           604          267978            268696
992           528          915           485          268693            269608
85           529          914           400          269607            270521
34           532          919           294          270518            271437
954           533          788           198          271436            272224
21           535          499           919          272222            272721
330           537          859           674          272719            273578
953           540          636           327          273575            274211
299           540          711           506          274211            274922
323           540          840           339          274922            275762
59           541          717           451          275761            276478
906           541          854           970          276478            277332
65           543          557           830          277330            277887
391           543          80           862          277887            277967
750           544          531           212          277966            278497
596           544          757           947          278497            279254
339           545          389           853          279253            279642
612           546          389           501          279641            280030
956           547          311           946          280029            280340
631           547          655           97          280340            280995
621           547          285           719          280995            281280
30           547          178           40          281280            281458
14           549          659           669          281456            282115
877           550          665           285          282114            282779
75           551          228           720          282778            283006
319           551          859           416          283006            283865
189           551          48           43          283865            283913
53           555          699           268          283909            284608
439           555          391           432          284608            284999
791           557          195           473          284997            285192
253           559          121           819          285190            285311
531           560          500           244          285310            285810
610           560          482           550          285810            286292
719           561          899           569          286291            287190
866           563          500           215          287188            287688
477           563          999           761          287688            288687
91           563          875           604          288687            289562
949           563          525           607          289562            290087
44           567          555           247          290083            290638
406           570          300           262          290635            290935
662           571          196           974          290934            291130
282           572          529           64          291129            291658
511           575          576           994          291655            292231
744           577          889           711          292229            293118
870           578          342           189          293117            293459
977           578          345           785          293459            293804
918           579          574           91          293803            294377
209           581          743           522          294375            295118
608           582          351           844          295117            295468
320           586          311           143          295464            295775
807           589          588           143          295772            296360
687           590          432           250          296359            296791
673           591          954           478          296790            297744
780           591          208           550          297744            297952
689           591          290           210          297952            298242
544           593          992           773          298240            299232
449           594          704           274          299231            299935
311           594          425           223          299935            300360
481           596          28           304          300358            300386
540           597          937           90          300385            301322
92           598          8           257          301321            301329
106           599          797           930          301328            302125
322           599          88           156          302125            302213
598           600          596           77          302212            302808
7           601          666           489          302807            303473
239           602          745           743          303472            304217
703           602          814           704          304217            305031
173           603          399           335          305030            305429
739           604          211           970          305428            305639
135           604          2           216          305639            305641
110           605          348           177          305640            305988
675           606          258           406          305987            306245
73           607          306           287          306244            306550
55           607          998           452          306550            307548
395           607          474           754          307548            308022
336           611          110           322          308018            308128
480           612          348           78          308127            308475
869           612          406           614          308475            308881
597           613          727           821          308880            309607
613           613          736           246          309607            310343
909           614          123           590          310342            310465
737           614          706           952          310465            311171
505           615          120           400          311170            311290
4           616          612           380          311289            311901
952           616          121           220          311901            312022
388           618          485           762          312020            312505
445           618          347           981          312505            312852
5           619          817           572          312851            313668
804           620          586           393          313667            314253
889           622          95           279          314251            314346
533           622          467           496          314346            314813
295           623          574           206          314812            315386
527           625          471           636          315384            315855
102           627          640           83          315853            316493
484           627          589           583          316493            317082
581           628          424           102          317081            317505
933           629          543           195          317504            318047
679           630          353           469          318046            318399
344           634          780           387          318395            319175
465           635          883           282          319174            320057
713           636          459           592          320056            320515
183           636          688           503          320515            321203
284           636          94           822          321203            321297
746           637          708           595          321296            322004
225           638          619           776          322003            322622
332           644          415           964          322616            323031
315           645          914           192          323030            323944
519           647          700           995          323942            324642
64           647          695           950          324642            325337
872           649          598           346          325335            325933
94           650          284           929          325932            326216
24           651          311           764          326215            326526
905           651          594           240          326526            327120
47           652          660           795          327119            327779
764           652          471           282          327779            328250
575           655          892           76          328247            329139
463           656          1           353          329138            329139
176           657          771           149          329138            329909
67           657          342           690          329909            330251
781           658          42           751          330250            330292
664           658          590           821          330292            330882
658           660          632           442          330880            331512
433           661          620           720          331511            332131
584           661          869           558          332131            333000
399           661          459           330          333000            333459
848           662          471           963          333458            333929
266           668          898           533          333923            334821
207           668          476           882          334821            335297
661           669          790           503          335296            336086
74           670          902           736          336085            336987
832           670          325           448          336987            337312
76           671          331           637          337311            337642
585           671          851           42          337642            338493
840           671          162           62          338493            338655
648           671          722           254          338655            339377
422           672          510           80          339376            339886
469           673          272           584          339885            340157
541           673          532           740          340157            340689
770           673          282           655          340689            340971
672           674          866           341          340970            341836
686           674          418           435          341836            342254
498           674          465           531          342254            342719
636           675          722           474          342718            343440
847           675          36           705          343440            343476
39           676          438           894          343475            343913
58           676          950           797          343913            344863
973           677          681           635          344862            345543
994           677          985           140          345543            346528
491           677          540           268          346528            347068
651           678          580           888          347067            347647
429           678          101           958          347647            347748
409           678          386           817          347748            348134
846           679          829           962          348133            348962
921           679          138           18          348962            349100
798           679          739           141          349100            349839
924           680          784           535          349838            350622
115           681          49           511          350621            350670
685           682          321           70          350669            350990
626           683          363           843          350989            351352
121           683          176           697          351352            351528
945           684          910           476          351527            352437
338           684          575           801          352437            353012
238           686          130           470          353010            353140
208           689          345           287          353137            353482
970           689          321           749          353482            353803
259           689          767           862          353803            354570
551           690          625           650          354569            355194
766           690          111           711          355194            355305
665           691          182           789          355304            355486
218           691          390           300          355486            355876
691           691          979           524          355876            356855
514           691          441           130          356855            357296
223           691          288           661          357296            357584
880           692          609           188          357583            358192
701           693          570           270          358191            358761
11           694          712           101          358760            359472
583           694          686           826          359472            360158
117           695          463           655          360157            360620
857           696          496           821          360619            361115
357           697          19           157          361114            361133
411           698          324           937          361132            361456
777           699          165           145          361455            361620
36           701          797           857          361618            362415
156           702          419           38          362414            362833
198           702          773           946          362833            363606
467           703          634           778          363605            364239
381           704          673           929          364238            364911
371           704          182           991          364911            365093
9           706          914           266          365091            366005
981           707          808           590          366004            366812
328           708          479           2          366811            367290
172           711          228           69          367287            367515
570           714          821           540          367512            368333
241           715          740           862          368332            369072
346           717          580           946          369070            369650
917           717          713           42          369650            370363
569           719          286           5          370361            370647
615           719          776           751          370647            371423
920           719          933           494          371423            372356
347           721          438           311          372354            372792
228           723          376           104          372790            373166
734           723          493           143          373166            373659
938           725          474           749          373657            374131
884           727          499           28          374129            374628
799           730          433           394          374625            375058
107           733          191           446          375055            375246
276           733          609           920          375246            375855
801           733          616           110          375855            376471
161           733          26           436          376471            376497
78           736          906           24          376494            377400
524           738          751           751          377398            378149
814           738          916           384          378149            379065
692           738          736           61          379065            379801
10           740          937           797          379799            380736
873           740          445           702          380736            381181
752           742          639           34          381179            381818
875           742          812           569          381818            382630
555           743          498           25          382629            383127
410           743          73           553          383127            383200
517           744          641           216          383199            383840
969           745          146           250          383839            383985
478           746          957           745          383984            384941
148           747          493           262          384940            385433
591           747          896           536          385433            386329
532           749          900           419          386327            387227
932           750          560           235          387226            387786
893           751          511           970          387785            388296
496           754          289           656          388293            388582
453           754          267           501          388582            388849
215           755          79           431          388848            388927
158           755          202           698          388927            389129
729           755          618           862          389129            389747
896           757          671           984          389745            390416
620           759          574           559          390414            390988
951           760          690           527          390987            391677
351           760          240           845          391677            391917
549           760          659           2          391917            392576
635           761          700           665          392575            393275
441           761          600           187          393275            393875
728           761          328           750          393875            394203
33           763          306           947          394201            394507
599           765          289           831          394505            394794
308           767          277           169          394792            395069
573           767          636           156          395069            395705
131           767          527           604          395705            396232
779           767          278           449          396232            396510
522           768          136           701          396509            396645
900           768          38           921          396645            396683
466           769          976           496          396682            397658
316           769          8           608          397658            397666
794           770          61           632          397665            397726
38           770          458           779          397726            398184
191           771          919           321          398183            399102
166           772          636           586          399101            399737
536           774          217           997          399735            399952
509           776          435           638          399950            400385
43           778          718           831          400383            401101
898           779          74           495          401100            401174
894           779          68           988          401174            401242
795           779          700           28          401242            401942
904           786          371           679          401935            402306
230           787          111           716          402305            402416
968           787          117           57          402416            402533
939           787          114           158          402533            402647
66           788          508           256          402646            403154
224           788          101           31          403154            403255
993           788          172           118          403255            403427
790           788          70           990          403427            403497
61           790          839           912          403495            404334
910           792          674           287          404332            405006
408           793          203           181          405005            405208
709           794          564           594          405207            405771
624           795          661           60          405770            406431
200           795          94           990          406431            406525
579           795          995           879          406525            407520
756           796          839           534          407519            408358
765           799          251           263          408355            408606
416           801          259           756          408604            408863
132           802          166           506          408862            409028
473           804          274           908          409026            409300
130           804          894           390          409300            410194
674           805          861           732          410193            411054
443           805          919           838          411054            411973
637           805          185           190          411973            412158
216           805          790           132          412158            412948
375           806          962           451          412947            413909
700           806          569           393          413909            414478
587           807          160           388          414477            414637
860           807          447           445          414637            415084
387           808          887           945          415083            415970
550           809          521           155          415969            416490
340           810          921           224          416489            417410
272           810          833           307          417410            418243
971           810          107           802          418243            418350
279           813          785           550          418347            419132
683           813          290           541          419132            419422
562           816          642           177          419419            420061
221           817          195           192          420060            420255
455           818          549           234          420254            420803
167           818          752           853          420803            421555
123           820          174           551          421553            421727
995           820          63           707          421727            421790
543           820          546           638          421790            422336
557           821          25           636          422335            422360
552           822          165           384          422359            422524
210           822          310           292          422524            422834
923           823          135           106          422833            422968
698           824          298           711          422967            423265
948           827          83           83          423262            423345
334           828          80           140          423344            423424
980           828          961           962          423424            424385
438           829          124           349          424384            424508
606           829          84           448          424508            424592
495           830          100           121          424591            424691
471           830          663           383          424691            425354
697           832          317           558          425352            425669
628           833          937           914          425668            426605
425           833          545           909          426605            427150
520           834          262           197          427149            427411
607           835          36           219          427410            427446
459           837          187           288          427444            427631
558           839          591           560          427629            428220
822           839          500           714          428220            428720
447           840          802           623          428719            429521
563           841          224           563          429520            429744
175           841          449           531          429744            430193
307           847          25           102          430187            430212
460           851          15           26          430208            430223
742           853          677           829          430221            430898
811           853          284           298          430898            431182
20           854          7           913          431181            431188
935           854          638           989          431188            431826
650           854          692           887          431826            432518
407           854          368           324          432518            432886
957           856          339           335          432884            433223
401           856          353           145          433223            433576
516           856          967           517          433576            434543
730           857          295           655          434542            434837
879           860          127           915          434834            434961
256           860          11           689          434961            434972
113           861          963           398          434971            435934
352           863          378           626          435932            436310
141           864          566           73          436309            436875
243           866          98           813          436873            436971
331           866          680           756          436971            437651
862           868          764           309          437649            438413
855           871          959           372          438410            439369
718           873          415           111          439367            439782
512           874          709           475          439781            440490
837           875          621           741          440489            441110
373           876          330           823          441109            441439
213           876          942           434          441439            442381
831           878          786           228          442379            443165
747           879          436           670          443164            443600
654           879          214           250          443600            443814
52           879          56           631          443814            443870
482           880          410           954          443869            444279
430           881          758           302          444278            445036
257           884          907           453          445033            445940
188           885          691           807          445939            446630
273           885          691           57          446630            447321
120           886          640           569          447320            447960
632           887          282           297          447959            448241
233           888          64           675          448240            448304
37           888          670           829          448304            448974
19           889          37           941          448973            449010
998           889          96           913          449010            449106
168           890          912           131          449105            450017
450           891          163           688          450016            450179
250           891          580           619          450179            450759
537           891          891           661          450759            451650
341           891          930           766          451650            452580
291           891          856           222          452580            453436
144           891          140           283          453436            453576
417           894          394           630          453573            453967
856           894          653           679          453967            454620
611           895          972           349          454619            455591
589           895          227           742          455591            455818
235           895          428           718          455818            456246
421           897          579           842          456244            456823
940           898          927           188          456822            457749
244           902          950           376          457745            458695
27           908          713           190          458689            459402
965           911          16           179          459399            459415
863           911          616           165          459415            460031
111           912          909           827          460030            460939
451           913          737           912          460938            461675
309           914          40           349          461674            461714
902           914          738           40          461714            462452
787           915          635           222          462451            463086
280           915          868           445          463086            463954
913           916          318           364          463953            464271
486           919          604           251          464268            464872
376           921          567           798          464870            465437
204           921          623           332          465437            466060
792           922          562           840          466059            466621
164           922          101           46          466621            466722
694           924          336           284          466720            467056
690           924          488           744          467056            467544
217           924          67           432          467544            467611
972           925          1           371          467610            467611
32           925          748           697          467611            468359
203           926          258           324          468358            468616
796           927          378           798          468615            468993
435           927          107           554          468993            469100
426           928          350           701          469099            469449
492           928          512           63          469449            469961
805           930          867           977          469959            470826
265           931          782           485          470825            471607
48           931          633           699          471607            472240
431           932          12           616          472239            472251
908           933          995           800          472250            473245
564           936          483           996          473242            473725
312           937          860           655          473724            474584
151           937          86           65          474584            474670
380           938          269           209          474669            474938
736           938          725           574          474938            475663
69           942          705           484          475659            476364
640           943          311           892          476363            476674
105           944          237           12          476673            476910
688           946          301           857          476908            477209
3           948          662           703          477207            477869
79           948          847           435          477869            478716
789           950          108           542          478714            478822
310           951          520           978          478821            479341
818           951          34           924          479341            479375
267           952          163           92          479374            479537
68           959          676           831          479530            480206
622           959          524           480          480206            480730
174           959          178           735          480730            480908
153           960          217           161          480907            481124
261           960          527           241          481124            481651
372           962          436           942          481649            482085
419           962          75           430          482085            482160
717           964          599           652          482158            482757
987           964          517           999          482757            483274
663           964          949           69          483274            484223
260           966          290           973          484221            484511
535           968          940           943          484509            485449
325           968          650           899          485449            486099
963           969          361           454          486098            486459
285           970          870           375          486458            487328
313           970          243           947          487328            487571
40           971          761           215          487570            488331
398           971          828           758          488331            489159
252           971          517           288          489159            489676
342           971          933           911          489676            490609
912           972          16           728          490608            490624
281           973          267           749          490623            490890
394           974          101           278          490889            490990
834           975          945           830          490989            491934
871           975          464           943          491934            492398
501           976          360           206          492397            492757
231           977          989           553          492756            493745
255           978          14           281          493744            493758
362           979          964           843          493757            494721
824           979          938           650          494721            495659
659           979          528           204          495659            496187
147           984          744           97          496182            496926
823           987          990           36          496923            497913
190           988          642           890          497912            498554
874           989          865           981          498553            499418
129           990          425           866          499417            499842
361           991          762           55          499841            500603
271           991          720           815          500603            501323
140           995          619           97          501319            501938
Average waiting time: 251235.994
Average turn around: 251738.927
