index    ||  arrival  ||  burst  ||  priority  ||  waiting  ||  turnAround
2022           860          683           2          0            683
2750           623          818           4          920            1738
2353           154          508           6          2207            2715
2125           492          659           8          2377            3036
2278           689          445           8          2839            3284
2902           539          669           9          3434            4103
2037           483          801           11          4159            4960
2631           373          636           11          5070            5706
2730           903          948           14          5176            6124
2540           369          649           16          6658            7307
2940           593          695           16          7083            7778
2633           146          52           17          8225            8277
2922           444          674           17          7979            8653
2659           738          466           17          8359            8825
2700           836          104           18          8727            8831
2165           419          970           18          9248            10218
2851           223          707           19          10414            11121
2051           920          131           19          10424            10555
2532           416          133           19          11059            11192
2679           107          20           19          11501            11521
2345           408          388           20          11220            11608
2921           730          124           20          11286            11410
2289           981          135           21          11159            11294
2164           898          925           22          11377            12302
2138           409          614           22          12791            13405
2867           517          649           23          13297            13946
2970           875          159           23          13588            13747
2814           910          544           24          13712            14256
2686           562          762           24          14604            15366
2326           731          677           26          15197            15874
2937           235          169           26          16370            16539
2989           763          241           27          16011            16252
2011           187          590           28          16828            17418
2943           118          507           28          17487            17994
2382           10          538           29          18102            18640
2187           672          420           29          17978            18398
2450           474          702           30          18596            19298
2306           632          216           30          19140            19356
2056           791          683           31          19197            19880
2071           268          781           34          20403            21184
2573           36          584           35          21416            22000
2581           316          348           35          21720            22068
2028           118          696           35          22266            22962
2350           155          565           36          22925            23490
2836           866          925           37          22779            23704
2748           444          952           38          24126            25078
2266           530          531           40          24992            25523
2322           368          127           40          25685            25812
2957           799          632           40          25381            26013
2596           749          110           40          26063            26173
2564           380          833           40          26542            27375
2205           852          999           43          26903            27902
2074           562          431           46          28192            28623
2853           75          166           46          29110            29276
2058           67          424           48          29284            29708
2734           927          818           51          28848            29666
2146           978          201           53          29615            29816
2591           923          453           53          29871            30324
2091           45          813           53          31202            32015
2838           240          733           53          31820            32553
2638           395          695           55          32398            33093
2122           538          836           55          32950            33786
2263           72          937           58          34252            35189
2724           304          218           59          34957            35175
2942           883          364           61          34596            34960
2658           413          974           63          35430            36404
2132           583          617           63          36234            36851
2768           672          499           67          36762            37261
2563           520          134           68          37413            37547
2089           297          714           70          37770            38484
2904           218          579           71          38563            39142
2367           248          725           72          39112            39837
2761           170          422           72          39915            40337
2791           472          62           73          40035            40097
2629           681          627           73          39888            40515
2216           540          55           73          40656            40711
2041           396          171           76          40855            41026
2639           885          254           76          40537            40791
2389           295          258           78          41381            41639
2506           365          303           78          41569            41872
2955           249          123           78          41988            42111
2993           296          436           78          42064            42500
2780           87          399           82          42709            43108
2721           567          392           85          42628            43020
2789           639          177           85          42948            43125
2825           114          449           86          43650            44099
2571           713          115           88          43500            43615
2290           606          460           89          43722            44182
2268           912          695           89          43876            44571
2307           622          74           91          44861            44935
2611           620          489           93          44937            45426
2832           88          675           93          45958            46633
2842           468          941           94          46253            47194
2915           92          296           95          47570            47866
2578           463          925           95          47495            48420
2361           82          825           96          48801            49626
2210           860          557           96          48848            49405
2431           518          385           96          49747            50132
2732           619          688           97          50031            50719
2070           894          675           97          50444            51119
2496           157          706           98          51856            52562
2417           11          975           99          52708            53683
2713           620          45           101          53074            53119
2874           229          6           102          53510            53516
2380           410          141           102          53335            53476
2709           903          800           102          52983            53783
2852           532          464           104          54154            54618
2245           496          352           104          54654            55006
2024           756          693           108          54746            55439
2558           884          43           108          55311            55354
2333           422          185           108          55816            56001
2568           809          438           109          55614            56052
2004           949          263           110          55912            56175
2704           7          455           112          57117            57572
2305           174          779           113          57405            58184
2562           203          504           113          58155            58659
2826           190          183           114          58672            58855
2020           851          374           114          58194            58568
2424           261          601           115          59158            59759
2932           301          812           117          59719            60531
2337           388          128           117          60444            60572
2834           587          874           122          60373            61247
2945           856          966           123          60978            61944
2310           83          143           124          62717            62860
2965           627          35           126          62316            62351
2385           103          258           127          62875            63133
2622           370          641           128          62866            63507
2811           58          373           128          63819            64192
2196           74          497           129          64176            64673
2480           359          755           129          64388            65143
2329           347          663           129          65155            65818
2696           647          392           131          65518            65910
2325           889          487           133          65668            66155
2145           923          655           134          66121            66776
2886           224          375           135          67475            67850
2226           611          3           135          67463            67466
2613           772          584           136          67305            67889
2118           481          193           136          68180            68373
2848           350          802           139          68504            69306
2019           679          475           140          68977            69452
2167           900          137           141          69231            69368
2327           156          416           141          70112            70528
2912           921          898           143          69763            70661
2868           828          746           143          70754            71500
2107           562          8           143          71766            71774
2881           841          814           143          71495            72309
2727           551          15           144          72599            72614
2905           941          670           144          72224            72894
2551           984          900           147          72851            73751
2954           5          427           147          74730            75157
2796           229          371           150          74933            75304
2988           145          865           151          75388            76253
2241           218          496           151          76180            76676
2081           368          817           151          76526            77343
2944           981          19           152          76730            76749
2088           445          590           152          77285            77875
2501           830          777           153          77490            78267
2373           598          280           154          78499            78779
2316           163          667           154          79214            79881
2282           119          291           155          79925            80216
2379           705          582           157          79630            80212
2309           471          575           158          80446            81021
2625           457          505           159          81035            81540
2243           891          23           159          81106            81129
2131           844          536           159          81176            81712
2929           276          311           160          82280            82591
2464           403          217           162          82464            82681
2561           689          227           164          82395            82622
2482           810          20           164          82501            82521
2212           497          209           166          82834            83043
2369           515          143           166          83025            83168
2206           455          951           170          83228            84179
2646           229          686           172          84405            85091
2695           548          204           172          84772            84976
2718           168          345           173          85356            85701
2778           392          81           174          85477            85558
2535           593          303           174          85357            85660
2539           347          579           175          85906            86485
2534           79          420           175          86753            87173
2148           53          736           176          87199            87935
2661           974          789           177          87014            87803
2189           163          623           177          88614            89237
2855           840          396           178          88560            88956
2053           463          430           179          89333            89763
2288           601          764           179          89625            90389
2454           187          928           182          90803            91731
2876           918          596           183          91000            91596
2100           407          149           185          92107            92256
2787           238          13           185          92425            92438
2671           934          318           185          91742            92060
2559           130          20           188          92864            92884
2248           150          821           189          92864            93685
2889           493          751           190          93342            94093
2770           656          82           190          93930            94012
2080           560          752           191          94108            94860
2352           815          566           192          94605            95171
2722           50          258           192          95936            96194
2583           272          807           196          95972            96779
2784           866          536           197          96185            96721
2343           488          123           199          97099            97222
2515           487          911           200          97223            98134
2119           536          242           201          98085            98327
2682           275          51           202          98588            98639
2319           167          918           202          98747            99665
2471           946          430           203          98886            99316
2645           83          610           203          100179            100789
2692           21          934           204          100851            101785
2841           969          364           204          100837            101201
2233           266          960           205          101904            102864
2439           72          109           205          103058            103167
2254           72          63           206          103167            103230
2996           18          833           207          103284            104117
2472           591          297           208          103544            103841
2735           3          797           209          104429            105226
2879           271          550           210          104958            105508
2419           700          794           210          105079            105873
2193           891          349           212          105682            106031
2231           375          930           215          106547            107477
2348           570          516           216          107282            107798
2968           217          257           217          108151            108408
2421           469          659           218          108156            108815
2495           601          180           219          108683            108863
2536           725          79           221          108739            108818
2267           510          597           221          109033            109630
2523           891          737           222          109249            109986
2234           471          863           224          110406            111269
2913           272          490           227          111468            111958
2157           398          959           230          111832            112791
2642           90          286           230          113099            113385
2870           80          277           231          113395            113672
2003           432          23           231          113320            113343
2176           180          739           231          113595            114334
2716           242          230           232          114272            114502
2296           460          808           234          114284            115092
2509           288          928           235          115264            116192
2127           44          937           235          116436            117373
2636           731          525           238          116686            117211
2448           588          973           239          117354            118327
2684           791          225           239          118124            118349
2786           102          222           239          119038            119260
2903           302          477           241          119060            119537
2749           744          212           242          119095            119307
2442           253          936           242          119798            120734
2468           537          267           244          120450            120717
2762           20          92           246          121234            121326
2356           716          641           249          120630            121271
2398           975          531           249          121012            121543
2575           440          496           252          122078            122574
2021           641          322           252          122373            122695
2823           607          295           256          122729            123024
2675           400          229           257          123231            123460
2801           374          776           257          123486            124262
2560           741          237           258          123895            124132
2751           757          564           260          124116            124680
2654           921          517           260          124516            125033
2790           879          797           261          125075            125872
2258           436          859           262          126315            127174
2420           134          619           263          127476            128095
2672           614          343           263          127615            127958
2314           552          888           264          128020            128908
2592           222          787           264          129238            130025
2428           64          374           265          130183            130557
2919           142          503           267          130479            130982
2935           473          963           268          130651            131614
2657           554          919           269          131533            132452
2034           29          274           269          132977            133251
2705           154          551           270          133126            133677
2083           239          219           271          133592            133811
2898           884          166           272          133166            133332
2363           127          515           276          134089            134604
2804           344          148           279          134387            134535
2340           674          281           279          134205            134486
2479           474          736           280          134686            135422
2430           47          552           281          135849            136401
2824           340          981           281          136108            137089
2025           777          406           282          136652            137058
2275           281          700           283          137554            138254
2123           113          50           286          138422            138472
2397           781          816           286          137804            138620
2143           786          570           287          138615            139185
2857           131          353           288          139840            140193
2247           54          664           293          140270            140934
2712           406          399           294          140582            140981
2533           946          177           298          140441            140618
2566           105          736           298          141459            142195
2246           256          563           300          142044            142607
2917           466          70           300          142397            142467
2856           864          545           303          142069            142614
2931           321          358           303          143157            143515
2381           175          286           305          143661            143947
2799           247          426           306          143875            144301
2818           998          996           310          143550            144546
2402           635          536           312          144909            145445
2191           886          209           313          145194            145403
2161           89          828           313          146200            147028
2666           803          252           314          146314            146566
2140           210          43           314          147159            147202
2390           857          897           314          146555            147452
2264           531          648           316          147778            148426
2128           302          622           317          148655            149277
2507           477          426           318          149102            149528
2188           594          256           320          149411            149667
2548           873          288           323          149388            149676
2513           672          752           324          149877            150629
2882           416          206           324          150885            151091
2366           381          719           325          151126            151845
2984           281          133           325          151945            152078
2043           360          201           326          151999            152200
2181           906          128           326          151654            151782
2785           96          741           328          152592            153333
2987           648          859           328          152781            153640
2714           447          23           330          153841            153864
2244           573          205           333          153738            153943
2173           752          841           336          153764            154605
2896           333          671           336          155024            155695
2084           675          575           336          155353            155928
2738           468          979           338          156135            157114
2111           648          668           339          156934            157602
2489           219          705           339          158031            158736
2096           162          240           339          158793            159033
2052           665          16           340          158530            158546
2587           95          947           340          159116            160063
2453           100          41           341          160058            160099
2018           560          44           341          159639            159683
2773           468          904           341          159775            160679
2211           271          342           342          160876            161218
2347           762          254           342          160727            160981
2486           594          27           343          161149            161176
2035           851          353           343          160919            161272
2208           210          370           343          161913            162283
2966           47          354           343          162446            162800
2529           80          746           344          162767            163513
2807           623          130           344          162970            163100
2435           126          641           345          163597            164238
2273           580          341           348          163784            164125
2887           792          627           350          163913            164540
2047           386          420           350          164946            165366
2433           811          346           351          164941            165287
2863           602          491           353          165496            165987
2740           44          115           353          166545            166660
2396           982          232           354          165722            165954
2815           404          409           354          166532            166941
2093           310          892           355          167035            167927
2095           988          422           356          167249            167671
2484           122          754           359          168537            169291
2182           132          298           360          169281            169579
2452           47          957           363          169664            170621
2408           336          180           364          170332            170512
2715           316          584           364          170532            171116
2038           931          563           365          170501            171064
2569           924          718           366          171071            171789
2163           783          624           366          171930            172554
2149           981          316           368          172356            172672
2394           891          14           369          172762            172776
2432           99          247           370          173568            173815
2845           846          403           372          173068            173471
2697           646          655           373          173671            174326
2378           132          399           373          174840            175239
2270           198          564           373          175173            175737
2016           730          825           374          175205            176030
2627           878          552           374          175882            176434
2192           680          7           374          176632            176639
2298           681          330           375          176638            176968
2336           297          885           376          177352            178237
2344           805          244           376          177729            177973
2102           629          618           378          178149            178767
2339           273          525           381          179123            179648
2391           669          416           384          179252            179668
2418           431          335           385          179906            180241
2782           987          938           385          179685            180623
2893           545          873           385          181065            181938
2891           213          886           387          182270            183156
2980           94          188           387          183275            183463
2067           803          810           389          182754            183564
2669           147          784           389          184220            185004
2255           689          984           390          184462            185446
2032           434          737           390          185701            186438
2232           406          703           390          186466            187169
2758           875          146           391          186700            186846
2497           66          787           392          187655            188442
2998           460          17           393          188048            188065
2399           97          124           395          188428            188552
2703           376          681           395          188273            188954
2099           128          307           395          189202            189509
2393           361          993           396          189276            190269
2139           846          538           397          189784            190322
2598           916          929           397          190252            191181
2843           908          501           397          191189            191690
2754           509          806           399          192089            192895
2854           906          342           400          192498            192840
2434           168          980           400          193578            194558
2055           254          274           401          194472            194746
2460           682          839           401          194318            195157
2864           743          977           402          195096            196073
2926           433          366           402          196383            196749
2108           488          122           402          196694            196816
2098           492          235           403          196812            197047
2828           861          370           405          196678            197048
2865           760          401           405          197149            197550
2833           989          1           407          197321            197322
2961           584          573           408          197727            198300
2743           288          353           409          198596            198949
2265           68          968           411          199169            200137
2242           100          831           412          200105            200936
2835           807          466           412          200229            200695
2565           823          406           414          200679            201085
2463           363          368           415          201545            201913
2555           354          891           416          201922            202813
2300           184          499           416          202983            203482
2425           643          98           418          203023            203121
2303           41          289           420          203723            204012
2711           755          578           420          203298            203876
2986           743          337           420          203888            204225
2026           977          239           421          203991            204230
2403           658          558           421          204549            205107
2861           903          789           424          204862            205651
2446           552          502           424          206002            206504
2745           180          387           425          206876            207263
2723           196          597           426          207247            207844
2663           113          629           427          207927            208556
2601           552          263           428          208117            208380
2377           846          304           428          208086            208390
2953           908          978           428          208328            209306
2624           685          278           428          209529            209807
2547           807          282           429          209685            209967
2422           121          484           430          210653            211137
2281           732          470           430          210526            210996
2594           336          464           430          211392            211856
2331           261          11           431          211931            211942
2577           509          258           432          211694            211952
2729           489          494           433          211972            212466
2850           710          737           433          212245            212982
2151           492          831           435          213200            214031
2312           652          407           436          213871            214278
2458           301          87           436          214629            214716
2626           243          90           437          214774            214864
2426           113          918           441          214994            215912
2619           943          79           441          215082            215161
2357           303          62           442          215801            215863
2603           336          310           445          215830            216140
2116           728          209           445          215748            215957
2777           208          25           445          216477            216502
2124           331          226           446          216379            216605
2698           48          918           446          216888            217806
2338           343          320           447          217511            217831
2413           587          594           447          217587            218181
2252           824          274           449          217944            218218
2177           544          460           450          218498            218958
2792           45          576           450          219457            220033
2103           793          174           452          219285            219459
2048           247          190           453          220005            220195
2860           0          585           454          220442            221027
2364           966          508           454          220061            220569
2873           399          706           455          221136            221842
2901           325          242           455          221916            222158
2691           969          645           455          221514            222159
2097           784          611           456          222344            222955
2612           721          238           458          223018            223256
2490           270          514           458          223707            224221
2459           150          947           459          224341            225288
2239           556          951           460          224882            225833
2763           568          577           460          225821            226398
2147           663          585           463          226303            226888
2936           656          85           464          226895            226980
2101           412          409           465          227224            227633
2481           515          895           465          227530            228425
2065           809          940           466          228131            229071
2819           698          19           467          229182            229201
2064           387          513           467          229512            230025
2582           99          496           468          230313            230809
2683           874          345           469          230034            230379
2416           181          360           469          231072            231432
2438           201          651           469          231412            232063
2079           810          654           470          231454            232108
2061           632          102           470          232286            232388
2710           94          931           471          232926            233857
2794           33          423           471          233918            234341
2880           692          802           471          233682            234484
2640           996          427           472          234180            234607
2222           59          620           476          235544            236164
2185           263          419           476          235960            236379
2508           426          587           476          236216            236803
2752           681          350           480          236548            236898
2006           160          979           481          237419            238398
2964           427          813           484          238131            238944
2441           757          973           485          238614            239587
2090           345          215           486          239999            240214
2977           751          606           487          239808            240414
2313           342          957           488          240823            241780
2477           212          390           489          241910            242300
2372           584          128           490          241928            242056
2156           696          794           497          241944            242738
2121           165          827           499          243269            244096
2033           53          487           499          244208            244695
2027           631          360           500          244117            244477
2015           660          657           500          244448            245105
2976           619          571           502          245146            245717
2401           811          966           503          245525            246491
2045           786          869           503          246516            247385
2155           117          887           506          248054            248941
2302           354          591           507          248704            249295
2878           194          965           508          249455            250420
2717           777          656           508          249837            250493
2866           186          293           508          251084            251377
2522           160          324           510          251403            251727
2253           785          80           510          251102            251182
2948           443          716           510          251524            252240
2202           522          541           512          252161            252702
2040           189          39           515          253035            253074
2660           193          817           517          253070            253887
2890           525          604           517          253555            254159
2518           280          24           517          254404            254428
2647           57          486           517          254651            255137
2516           807          950           518          254387            255337
2620           820          430           519          255324            255754
2907           747          983           520          255827            256810
2918           462          55           521          257095            257150
2259           908          848           522          256704            257552
2194           175          660           523          258285            258945
2776           63          115           526          259057            259172
2511           245          64           529          258990            259054
2830           700          885           529          258599            259484
2914           524          597           531          259660            260257
2939           746          510           533          260035            260545
2514           781          410           533          260510            260920
2589           430          578           534          261271            261849
2693           336          105           534          261943            262048
2978           915          498           534          261469            261967
2444           741          195           535          262141            262336
2219           210          44           535          262867            262911
2400           717          188           535          262404            262592
2159           803          248           536          262506            262754
2952           152          66           537          263405            263471
2756           587          909           538          263036            263945
2884           654          67           538          263878            263945
2829           434          675           539          264165            264840
2499           442          132           540          264832            264964
2178           347          179           540          265059            265238
2203           78          632           540          265507            266139
2817           352          45           540          265865            265910
2204           957          71           540          265305            265376
2359           463          514           541          265870            266384
2328           955          64           542          265892            265956
2877           437          335           542          266474            266809
2644           852          47           543          266394            266441
2491           500          208           544          266793            267001
2059           288          19           546          267213            267232
2962           282          86           547          267238            267324
2806           932          204           547          266674            266878
2708           698          529           548          267112            267641
2541           252          128           549          268087            268215
2545           36          808           553          268431            269239
2223           703          769           553          268572            269341
2641           499          729           553          269545            270274
2895           708          906           554          270065            270971
2739           868          85           554          270811            270896
2002           861          120           556          270903            271023
2687           265          810           557          271619            272429
2455           493          96           558          272201            272297
2816           262          366           558          272528            272894
2875           785          909           559          272371            273280
2960           191          212           560          273874            274086
2609           327          154           564          273950            274104
2681           727          137           565          273704            273841
2150           434          158           566          274134            274292
2384           750          834           566          273976            274810
2346           499          731           568          275061            275792
2008           594          539           568          275697            276236
2261           407          664           569          276423            277087
2291           743          653           570          276751            277404
2576           807          398           571          277340            277738
2238           500          827           573          278045            278872
2992           138          704           574          279234            279938
2649           274          418           575          279802            280220
2610           906          44           577          279588            279632
2109           242          817           577          280296            281113
2287           783          272           578          280572            280844
2617           855          112           578          280772            280884
2651           56          581           579          281683            282264
2469           894          606           580          281426            282032
2840           799          183           586          282127            282310
2769           289          809           589          282820            283629
2680           325          892           592          283593            284485
2550           185          160           594          284625            284785
2175           399          149           595          284571            284720
2985           500          112           595          284619            284731
2605           879          994           597          284352            285346
2360           12          732           597          286213            286945
2412           894          829           598          286063            286892
2330           447          117           599          287339            287456
2892           243          302           601          287660            287962
2449           809          802           603          287396            288198
2341           295          467           604          288712            289179
2946           496          62           604          288978            289040
2228           182          219           604          289354            289573
2120           637          79           606          289118            289197
2462           244          556           608          289590            290146
2781           741          578           609          289649            290227
2744           236          780           610          290732            291512
2144           756          663           611          290992            291655
2719           564          174           611          291847            292021
2941           191          521           611          292394            292915
2220           610          389           612          292496            292885
2284           524          342           613          292971            293313
2803           3          630           613          293834            294464
2933           696          629           613          293771            294400
2272           36          685           614          295060            295745
2930           438          522           614          295343            295865
2476           381          727           614          295922            296649
2688           216          315           614          296814            297129
2036           423          472           615          296922            297394
2371           533          902           615          297284            298186
2342           592          778           615          298127            298905
2172           962          317           616          298535            298852
2044           829          798           616          298985            299783
2440           364          941           617          300248            301189
2277           552          570           617          301001            301571
2553           858          852           619          301265            302117
2967           410          160           620          302565            302725
2521           338          872           624          302797            303669
2731           381          864           625          303626            304490
2160           342          840           625          304529            305369
2129           33          952           626          305678            306630
2520           151          310           626          306512            306822
2934           410          985           627          306563            307548
2279           560          995           630          307398            308393
2774           177          534           630          308776            309310
2221           359          940           631          309128            310068
2355           57          345           632          310370            310715
2141           910          308           633          309862            310170
2990           990          913           634          310090            311003
2013           60          79           635          311933            312012
2457           722          464           635          311350            311814
2285           488          779           636          312048            312827
2251           57          47           637          313258            313305
2407           714          910           639          312648            313558
2060           831          653           639          313441            314094
2699           339          980           639          314586            315566
2950           257          680           640          315648            316328
2556           314          753           640          316271            317024
2959           455          974           641          316883            317857
2077           183          743           643          318129            318872
2586           207          800           643          318848            319648
2085           927          626           643          318928            319554
2685           587          358           643          319894            320252
2588           350          709           643          320489            321198
2906           997          649           643          320551            321200
2478           759          383           644          321438            321821
2597           848          317           645          321732            322049
2050           915          441           645          321982            322423
2076           611          4           646          322727            322731
2075           125          370           647          323217            323587
2505           913          242           648          322799            323041
2920           738          808           648          323216            324024
2218           572          765           649          324190            324955
2504           930          355           652          324597            324952
2483           34          801           652          325848            326649
2590           137          375           653          326546            326921
2427           779          792           653          326279            327071
2351           245          836           653          327605            328441
2271           339          599           655          328347            328946
2974           337          480           656          328948            329428
2764           703          23           658          329062            329085
2415           868          551           658          328920            329471
2579           382          842           659          329957            330799
2517           488          45           660          330693            330738
2078           52          174           662          331174            331348
2269           945          402           663          330455            330857
2249           213          257           664          331589            331846
2001           244          625           664          331815            332440
2982           451          973           665          332233            333206
2042           235          925           665          333422            334347
2674           319          706           667          334263            334969
2908           290          860           669          334998            335858
2667           311          635           670          335837            336472
2678           438          531           671          336345            336876
2604           367          494           671          336947            337441
2054           294          283           671          337514            337797
2837           21          655           672          338070            338725
2969           240          867           673          338506            339373
2474           351          147           675          339262            339409
2162           25          534           677          339735            340269
2358           907          495           677          339387            339882
2198           547          142           680          340242            340384
2256           108          746           680          340823            341569
2643           337          507           683          341340            341847
2199           901          89           683          341283            341372
2404           631          764           685          341642            342406
2283           763          462           685          342274            342736
2062           9          136           688          343490            343626
2299           551          147           689          343084            343231
2928           164          56           689          343618            343674
2466           567          113           690          343271            343384
2981           146          509           691          343805            344314
2410           517          185           693          343943            344128
2656           949          823           695          343696            344519
2365           158          100           696          345310            345410
2387           138          687           697          345430            346117
2753           221          641           698          346034            346675
2938           808          511           698          346088            346599
2728           890          722           699          346517            347239
2072           172          85           699          347957            348042
2595           616          32           699          347598            347630
2260           910          549           699          347336            347885
2169           453          309           700          348342            348651
2900           514          283           700          348590            348873
2839           111          788           702          349276            350064
2411           209          681           702          349966            350647
2126           204          984           702          350652            351636
2827           756          544           703          351084            351628
2276           384          410           704          352000            352410
2795           486          769           705          352308            353077
2320           686          272           705          352877            353149
2465           888          92           707          352947            353039
2201           241          967           707          353686            354653
2297           774          323           707          354120            354443
2174           238          598           707          354979            355577
2991           480          83           709          355335            355418
2972           127          374           710          355771            356145
2168           336          277           710          355936            356213
2538           777          472           711          355772            356244
2447           689          613           713          356332            356945
2375           503          447           714          357131            357578
2086           815          398           715          357266            357664
2648           797          558           716          357682            358240
2531           229          897           716          358808            359705
2528           563          470           717          359371            359841
2368           416          0           717          359988            359988
2451           944          837           718          359460            360297
2134           413          900           719          360828            361728
2301           356          99           722          361785            361884
2849           226          993           724          362014            363007
2519           352          106           724          362881            362987
2323           74          256           725          363265            363521
2184           814          29           727          362781            362810
2737           936          714           727          362688            363402
2007           404          936           733          363934            364870
2130           710          357           733          364564            364921
2821           422          185           733          365209            365394
2741           601          151           734          365215            365366
2087           246          402           735          365721            366123
2760           111          823           735          366258            367081
2924           91          576           737          367101            367677
2623           84          39           738          367684            367723
2844           241          307           739          367566            367873
2475           591          381           739          367523            367904
2183           867          492           740          367628            368120
2736           13          116           740          368974            369090
2012           502          598           741          368601            369199
2215           463          778           742          369238            370016
2608           153          219           742          370326            370545
2470           172          474           742          370526            371000
2031           802          574           743          370370            370944
2445           866          839           743          370880            371719
2923           502          346           746          372083            372429
2526           296          179           747          372635            372814
2317           50          265           748          373060            373325
2546           133          169           749          373242            373411
2525           267          810           750          373277            374087
2779           123          63           752          374231            374294
2634           112          937           753          374305            375242
2039           38          626           755          375316            375942
2549           975          378           755          375005            375383
2618           603          577           758          375755            376332
2230           567          436           759          376368            376804
2757           57          101           759          377314            377415
2046           260          151           760          377212            377363
2186           426          153           761          377197            377350
2236           268          181           761          377508            377689
2049           139          96           762          377818            377914
2229           389          815           762          377664            378479
2473           440          346           764          378428            378774
2537           462          126           765          378752            378878
2349           117          435           765          379223            379658
2808           620          374           767          379155            379529
2767           363          333           767          379786            380119
2114           949          170           768          379533            379703
2725           554          92           769          380098            380190
2602           386          345           770          380358            380703
2017           76          712           771          381013            381725
2304           915          211           773          380886            381097
2197           110          156           774          381902            382058
2321           134          509           774          382034            382543
2311           465          177           776          382212            382389
2668           779          96           780          382075            382171
2376           220          882           780          382730            383612
2494           919          906           782          382913            383819
2871           196          860           782          384542            385402
3000           531          223           782          385067            385290
2224           695          866           787          385126            385992
2512           157          987           787          386530            387517
2949           741          777           788          386933            387710
2805           761          421           789          387690            388111
2092           950          282           789          387922            388204
2405           201          854           789          388953            389807
2225           975          960           792          389033            389993
2616           500          809           793          390468            391277
2386           549          70           795          391228            391298
2635           293          39           795          391554            391593
2810           592          277           796          391294            391571
2872           581          840           798          391582            392422
2916           705          160           799          392298            392458
2676           857          859           802          392306            393165
2485           976          371           802          393046            393417
2630           34          787           803          394359            395146
2701           845          165           804          394335            394500
2110           648          613           804          394697            395310
2775           126          884           805          395832            396716
2010           521          918           806          396321            397239
2766           754          167           806          397006            397173
2063           821          193           807          397106            397299
2975           314          336           811          397806            398142
2690           831          427           811          397625            398052
2927           327          35           813          398556            398591
2294           886          97           814          398032            398129
2153           999          339           815          398016            398355
2170           977          388           817          398377            398765
2726           497          244           821          399245            399489
2755           661          255           821          399325            399580
2227           316          819           821          399925            400744
2584           59          153           822          401001            401154
2951           54          489           823          401159            401648
2023           150          411           824          401552            401963
2947           990          856           824          401123            401979
2493           693          625           825          402276            402901
2009           245          149           826          403349            403498
2621           939          661           827          402804            403465
2963           51          330           828          404353            404683
2406           130          704           829          404604            405308
2615           912          315           830          404526            404841
2292           90          876           831          405663            406539
2152           577          501           831          406052            406553
2315           673          172           831          406457            406629
2599           240          914           832          407062            407976
2207           301          10           834          407915            407925
2862           598          432           835          407628            408060
2628           210          720           836          408448            409168
2237           969          131           837          408409            408540
2073           650          812           837          408859            409671
2354           960          674           837          409361            410035
2383           878          569           839          410117            410686
2068           970          707           839          410594            411301
2136           905          337           839          411366            411703
2662           676          406           840          411932            412338
2883           171          590           844          412843            413433
2467           150          632           844          413454            414086
2527           180          812           844          414056            414868
2600           801          787           847          414247            415034
2158           655          272           847          415180            415452
2280           37          314           847          416070            416384
2286           84          777           848          416337            417114
2670           903          211           851          416295            416506
2502           37          573           856          417372            417945
2154           216          480           857          417766            418246
2554           449          990           857          418013            419003
2542           412          17           858          419040            419057
2742           754          937           859          418715            419652
2106           904          851           859          419502            420353
2171           196          372           860          421061            421433
2813           241          286           860          421388            421674
2580           184          913           863          421731            422644
2213           325          145           867          422503            422648
2461           752          283           867          422221            422504
2217           850          991           868          422406            423397
2414           780          826           868          423467            424293
2746           813          696           868          424260            424956
2925           813          456           871          424956            425412
2524           192          365           871          426033            426398
2069           984          384           871          425606            425990
2179           902          98           873          426072            426170
2995           992          619           874          426080            426699
2997           711          237           874          426980            427217
2652           706          832           878          427222            428054
2971           835          407           880          427925            428332
2655           48          615           882          429119            429734
2388           732          237           882          429050            429287
2664           510          928           884          429509            430437
2899           259          416           885          430688            431104
2869           915          142           885          430448            430590
2831           419          195           887          431086            431281
2552           366          433           889          431334            431767
2706           28          815           890          432105            432920
2057           491          315           890          432457            432772
2362           395          542           892          432868            433410
2958           51          584           893          433754            434338
2665           424          197           893          433965            434162
2888           258          924           894          434328            435252
2973           420          10           895          435090            435100
2707           616          949           896          434904            435853
2557           533          29           897          435936            435965
2859           859          810           897          435639            436449
2503           46          233           897          437262            437495
2999           775          993           899          436766            437759
2788           250          82           899          438284            438366
2117           456          700           900          438160            438860
2166           815          792           900          438501            439293
2029           867          84           900          439241            439325
2702           227          999           900          439965            440964
2104           698          912           901          440493            441405
2137           946          568           903          441157            441725
2250           548          478           905          442123            442601
2456           451          253           908          442698            442951
2498           125          883           908          443277            444160
2694           985          382           908          443300            443682
2332           249          242           909          444418            444660
2847           382          37           909          444527            444564
2956           911          521           910          444035            444556
2765           957          754           910          444510            445264
2593           234          889           914          445987            446876
2606           791          429           915          446319            446748
2135           27          37           916          447512            447549
2334           414          561           917          447162            447723
2793           821          557           918          447316            447873
2673           488          991           919          448206            449197
2112           893          880           920          448792            449672
2335           627          198           920          449938            450136
2909           582          877           922          450181            451058
2214           820          569           923          450820            451389
2436           138          218           923          452071            452289
2113           544          42           924          451883            451925
2802           570          422           926          451899            452321
2488           806          999           927          452085            453084
2094           305          956           927          453585            454541
2066           648          245           928          454198            454443
2910           14          226           929          455077            455303
2885           284          960           930          455033            455993
2374           287          356           930          455990            456346
2274           993          825           931          455640            456465
2783           502          772           931          456956            457728
2772           544          978           933          457686            458664
2500           16          916           933          459192            460108
2858           232          875           934          459892            460767
2771           510          593           935          460489            461082
2235           660          131           935          460932            461063
2800           848          797           937          460875            461672
2142           588          657           937          461932            462589
2733           960          613           938          462217            462830
2423           471          636           939          463319            463955
2720           564          511           940          463862            464373
2510           717          35           942          464220            464255
2574           539          383           942          464433            464816
2409           498          885           944          464857            465742
2209           795          647           945          465445            466092
2293           522          408           946          466365            466773
2190           360          880           946          466935            467815
2318           184          837           947          467991            468828
2637           103          583           950          468909            469492
2567           739          543           951          468856            469399
2650           663          647           952          469475            470122
2443           588          824           952          470197            471021
2487           581          689           952          471028            471717
2759           706          247           952          471592            471839
2994           227          680           953          472318            472998
2240           646          771           954          472579            473350
2983           845          944           958          473151            474095
2689           491          258           958          474449            474707
2572           550          802           958          474648            475450
2632           665          515           959          475335            475850
2530           33          808           959          476482            477290
2370           9          117           959          477314            477431
2911           684          806           959          476756            477562
2820           652          623           960          477594            478217
2005           643          529           962          478226            478755
2180           412          621           963          478986            479607
2295           936          694           963          479083            479777
2798           432          532           966          480281            480813
2082           915          651           966          480330            480981
2324           465          131           967          481431            481562
2014           144          580           967          481883            482463
2437           142          947           967          482465            483412
2257           909          768           967          482645            483413
2894           6          618           969          484316            484934
2492           846          650           970          484094            484744
2585           385          16           971          485205            485221
2308           290          704           971          485316            486020
2200           620          513           972          485690            486203
2195           480          53           972          486343            486396
2809           75          837           972          486801            487638
2677           804          337           974          486909            487246
2797           41          641           975          488009            488650
2607           963          245           979          487728            487973
2395           346          298           979          488590            488888
2544           536          354           980          488698            489052
2812           502          157           982          489086            489243
2897           577          760           983          489168            489928
2543           399          157           984          490106            490263
2262           431          106           984          490231            490337
2979           838          243           984          489930            490173
2653           483          444           985          490528            490972
2105           604          435           986          490851            491286
2614           766          964           987          491124            492088
2429           366          145           989          492488            492633
2822           594          651           992          492405            493056
2846           290          679           995          493360            494039
2133           26          40           995          494303            494343
2747           236          812           995          494133            494945
2392           34          833           995          495147            495980
2115           815          913           995          495199            496112
2030           81          976           998          496846            497822
2570           625          148           998          497278            497426
Average waiting time: 246297.0
Average turn around: 246794.191
