index    ||  arrival  ||  burst  ||  priority  ||  waiting  ||  turnAround
3001           728          79           211          74625            74704
3002           91          809           13          481756            482565
3003           618          691           812          451708            452399
3004           91          22           339          20704            20726
3005           828          138           136          126743            126881
3006           232          251           196          217342            217593
3007           866          333           809          275188            275521
3008           127          765           59          472175            472940
3009           752          910           532          495735            496645
3010           805          570           420          405822            406392
3011           347          159           672          144512            144671
3012           999          994           496          499788            500782
3013           106          455           174          348908            349363
3014           813          773           447          474080            474853
3015           907          313           565          261705            262018
3016           394          647           228          436638            437285
3017           514          142           588          130165            130307
3018           848          352           642          287657            288009
3019           640          504           850          374670            375174
3020           770          736           533          464800            465536
3021           915          295           456          249279            249574
3022           870          722           650          460956            461678
3023           414          992           62          499772            500764
3024           863          532           359          388362            388894
3025           718          496           68          370620            371116
3026           402          886           885          493467            494353
3027           272          353           598          288311            288664
3028           355          594           890          416084            416678
3029           631          301           672          253462            253763
3030           671          641           201          434459            435100
3031           733          289           79          245068            245357
3032           706          607           121          421387            421994
3033           34          915           302          496170            497085
3034           789          290           816          245779            246069
3035           953          708           737          456948            457656
3036           669          38           294          36247            36285
3037           782          805           909          480966            481771
3038           900          552           908          397719            398271
3039           77          529           478          386938            387467
3040           333          192           647          171588            171780
3041           347          466           323          354908            355374
3042           201          999           408          499806            500805
3043           973          74           634          70087            70161
3044           513          248           761          215119            215367
3045           147          432           724          336036            336468
3046           17          967           350          499261            500228
3047           875          575           648          408019            408594
3048           48          344           834          282468            282812
3049           864          274           971          234319            234593
3050           547          490           648          367549            368039
3051           236          170           212          153708            153878
3052           10          717           498          459547            460264
3053           443          660           204          441299            441959
3054           592          361           442          293459            293820
3055           379          856           590          489853            490709
3056           974          334           273          275885            276219
3057           353          639           746          433733            434372
3058           452          945           123          498244            499189
3059           246          165           21          149571            149736
3060           403          349           466          285740            286089
3061           504          75           353          71024            71099
3062           310          883           840          493155            494038
3063           747          851           294          489133            489984
3064           765          42           235          40121            40163
3065           56          684           377          449456            450140
3066           744          267           707          229239            229506
3067           902          610           650          422595            423205
3068           361          760           710          470968            471728
3069           112          324           398          269213            269537
3070           569          332           45          274570            274902
3071           68          831           320          485838            486669
3072           841          650           400          437739            438389
3073           36          167           321          151247            151414
3074           966          86           864          81063            81149
3075           190          513           12          379178            379691
3076           151          746           721          467457            468203
3077           872          1           851          76            77
3078           863          680           334          448135            448815
3079           53          935           726          497652            498587
3080           150          196           259          174821            175017
3081           993          326           663          270569            270895
3082           730          676           302          446801            447477
3083           101          229           262          200658            200887
3084           291          135           424          124250            124385
3085           793          982           417          499635            500617
3086           374          657           890          440250            440907
3087           338          864           742          490924            491788
3088           695          840           379          487380            488220
3089           833          877           119          492483            493360
3090           976          914           977          496090            497004
3091           381          108           404          100755            100863
3092           576          493           579          369117            369610
3093           468          925           91          496952            497877
3094           469          194           742          173234            173428
3095           626          771           861          473628            474399
3096           321          934           959          497588            498522
3097           504          531           120          387922            388453
3098           435          702           694          455169            455871
3099           935          77           828          72890            72967
3100           575          391           662          311996            312387
3101           14          968           30          499298            500266
3102           22          736           399          464824            465560
3103           140          148           226          135326            135474
3104           523          225           364          197588            197813
3105           884          665           184          443067            443732
3106           861          496           803          370664            371160
3107           996          595           339          416538            417133
3108           985          196           532          174844            175040
3109           169          833           40          486192            487025
3110           759          710           292          457553            458263
3111           81          768           485          472920            473688
3112           253          797           562          479336            480133
3113           752          2           47          1110            1112
3114           840          841           728          487554            488395
3115           375          662           436          442029            442691
3116           457          610           444          422622            423232
3117           202          866           777          491180            492046
3118           43          666           397          443418            444084
3119           77          993           497          499782            500775
3120           981          571           666          406317            406888
3121           112          433           254          336654            337087
3122           229          71           338          67401            67472
3123           401          814           869          482753            483567
3124           768          421           216          329751            330172
3125           530          732           982          463747            464479
3126           801          889           658          493780            494669
3127           820          7           564          6083            6090
3128           505          476           995          360300            360776
3129           397          347           201          284483            284830
3130           550          578           393          409360            409938
3131           384          293           757          247962            248255
3132           455          169           610          152951            153120
3133           209          782           365          476140            476922
3134           512          480           83          362410            362890
3135           376          779           69          475477            476256
3136           260          613           345          423816            424429
3137           338          86           809          81121            81207
3138           869          286           570          243013            243299
3139           687          821           796          484072            484893
3140           294          705           232          456092            456797
3141           686          326           952          270614            270940
3142           441          213           634          188277            188490
3143           855          815           690          482945            483760
3144           111          6           412          5109            5115
3145           518          410           325          323317            323727
3146           998          260           810          224157            224417
3147           753          664           322          442738            443402
3148           226          852           516          489294            490146
3149           476          306           10          257004            257310
3150           568          671           287          445141            445812
3151           443          18           583          16933            16951
3152           887          792           534          478296            479088
3153           897          74           952          70190            70264
3154           61          574           987          407639            408213
3155           674          911           277          495836            496747
3156           616          633           588          431556            432189
3157           658          126           868          116571            116697
3158           872          452           866          347337            347789
3159           968          195           184          174087            174282
3160           149          917           203          496345            497262
3161           816          904           260          495211            496115
3162           741          861           141          490551            491412
3163           140          174           330          157090            157264
3164           970          784           88          476586            477370
3165           347          631           241          430806            431437
3166           923          474           544          359259            359733
3167           505          38           544          36373            36411
3168           936          699           13          454273            454972
3169           288          987           627          499715            500702
3170           756          186           768          166869            167055
3171           864          113           704          105228            105341
3172           460          509           240          377254            377763
3173           545          471           879          357665            358136
3174           953          644           122          435615            436259
3175           703          626           334          428905            429531
3176           487          839           995          487226            488065
3177           573          841           134          487564            488405
3178           389          147           928          134544            134691
3179           814          491           471          368139            368630
3180           900          703           740          455500            456203
3181           22          364           658          295444            295808
3182           853          429           452          334404            334833
3183           825          766           939          472463            473229
3184           183          717           510          459590            460307
3185           336          699           663          454280            454979
3186           112          360           144          292910            293270
3187           852          687           348          450480            451167
3188           31          99           263          92863            92962
3189           121          987           415          499716            500703
3190           759          103           632          96419            96522
3191           690          722           279          461006            461728
3192           207          71           139          67467            67538
3193           898          264           140          227136            227400
3194           632          725           358          461841            462566
3195           611          844           271          488060            488904
3196           247          57           656          54457            54514
3197           661          504           155          374768            375272
3198           185          699           844          454285            454984
3199           8          142           265          130324            130466
3200           672          386           249          309038            309424
3201           377          566           152          404142            404708
3202           898          132           436          121780            121912
3203           700          99           276          92876            92975
3204           113          961           119          499028            499989
3205           313          967           444          499267            500234
3206           869          939           956          497911            498850
3207           800          255           45          220489            220744
3208           201          601           183          419046            419647
3209           725          785           394          476812            477597
3210           892          499           951          372248            372747
3211           593          563           456          402804            403367
3212           327          438           933          339543            339981
3213           126          97           89          91101            91198
3214           770          673           251          445842            446515
3215           885          626           439          428923            429549
3216           219          957           230          498857            499814
3217           958          171           663          154667            154838
3218           259          304           272          255672            255976
3219           760          996           37          499799            500795
3220           966          860           549          490427            491287
3221           86          177           440          159592            159769
3222           901          604           922          420270            420874
3223           635          44           214          42185            42229
3224           443          85           841          80292            80377
3225           91          417           370          327474            327891
3226           79          12           172          11116            11128
3227           918          355           832          289732            290087
3228           156          851           90          489158            490009
3229           874          70           912          66578            66648
3230           938          326           176          270673            270999
3231           477          340           107          279962            280302
3232           327          670           749          444830            445500
3233           564          123           777          114034            114157
3234           346          41           475          39324            39365
3235           458          655           616          439599            440254
3236           533          759           577          470766            471525
3237           216          589           553          414083            414672
3238           771          953           105          498668            499621
3239           843          203           745          180491            180694
3240           440          284           942          241656            241940
3241           182          209           425          185212            185421
3242           964          185           477          166114            166299
3243           412          813           189          482581            483394
3244           111          306           441          257067            257373
3245           486          736           763          464861            465597
3246           452          859           657          490293            491152
3247           545          302           855          254307            254609
3248           43          225           661          197696            197921
3249           855          405           471          320432            320837
3250           307          626           133          428935            429561
3251           536          430           160          335013            335443
3252           438          893           122          494184            495077
3253           457          537           490          390844            391381
3254           204          325           359          270014            270339
3255           777          258           439          222753            223011
3256           353          454           870          348495            348949
3257           647          184           899          165317            165501
3258           669          954           276          498718            499672
3259           353          670           724          444838            445508
3260           149          251           826          217537            217788
3261           352          480           508          362475            362955
3262           442          96           641          90251            90347
3263           222          294           797          248752            249046
3264           230          969           871          499335            500304
3265           933          771           816          473668            474439
3266           146          846           335          488390            489236
3267           250          689           969          451152            451841
3268           294          431           729          335596            336027
3269           608          802           599          480406            481208
3270           973          147           899          134621            134768
3271           971          617           548          425445            426062
3272           303          201           997          178941            179142
3273           679          75           301          71221            71296
3274           767          293           327          248060            248353
3275           958          288           478          244531            244819
3276           70          330           213          273371            273701
3277           989          116           747          107957            108073
3278           829          166           653          150585            150751
3279           221          824           77          484645            485469
3280           767          286           577          243111            243397
3281           120          699           522          454306            455005
3282           936          540           93          392266            392806
3283           22          727           263          462415            463142
3284           803          214           911          189166            189380
3285           968          124           666          114950            115074
3286           386          553           435          398295            398848
3287           962          917           26          496356            497273
3288           345          283           596          240974            241257
3289           374          364           79          295504            295868
3290           488          141           51          129550            129691
3291           79          884           303          493286            494170
3292           337          978           656          499560            500538
3293           513          422           271          330427            330849
3294           741          939           268          497918            498857
3295           132          715           755          459047            459762
3296           177          697           739          453688            454385
3297           759          392           803          312719            313111
3298           909          773           935          474145            474918
3299           55          184           216          165352            165536
3300           164          74           603          70330            70404
3301           691          631           912          430856            431487
3302           498          525           858          385141            385666
3303           934          726           924          462145            462871
3304           616          879           748          492738            493617
3305           848          116           462          107984            108100
3306           555          718           282          459907            460625
3307           607          998           839          499806            500804
3308           945          348           120          285246            285594
3309           745          354           479          289134            289488
3310           413          745           881          467260            468005
3311           300          801           584          480207            481008
3312           181          162           289          147280            147442
3313           534          325           86          270052            270377
3314           895          167           671          151447            151614
3315           401          434           752          337326            337760
3316           277          240           230          209254            209494
3317           530          707           703          456738            457445
3318           579          54           971          51757            51811
3319           701          105           440          98307            98412
3320           169          805           737          481022            481827
3321           635          127           898          117577            117704
3322           116          738           930          465414            466152
3323           80          699           12          454323            455022
3324           835          64           671          61113            61177
3325           477          425           252          332180            332605
3326           79          850           285          489016            489866
3327           780          238           192          207735            207973
3328           671          95           589          89417            89512
3329           814          851           39          489170            490021
3330           632          873           844          492043            492916
3331           985          481           627          363032            363513
3332           251          327           892          271404            271731
3333           481          773           462          474153            474926
3334           302          819           779          483731            484550
3335           516          543           97          393698            394241
3336           975          197           429          175818            176015
3337           845          855           566          489750            490605
3338           303          11           80          10243            10254
3339           2          22           558          21032            21054
3340           365          314           524          262607            262921
3341           365          776           783          474844            475620
3342           344          216           539          190772            190988
3343           881          929           154          497258            498187
3344           621          582           614          411161            411743
3345           504          356           441          290440            290796
3346           442          685           345          449883            450568
3347           90          822           262          484292            485114
3348           708          396           156          315148            315544
3349           819          504           294          374839            375343
3350           182          886           823          493499            494385
3351           218          749           578          468295            469044
3352           597          142           145          130454            130596
3353           598          668           466          444191            444859
3354           894          951           12          498572            499523
3355           365          154           60          140598            140752
3356           336          771           458          473692            474463
3357           978          409           865          322850            323259
3358           558          15           647          14195            14210
3359           786          560           451          401518            402078
3360           412          307           378          257832            258139
3361           933          456           382          349649            350105
3362           763          802           714          480424            481226
3363           796          820           860          483924            484744
3364           398          614           967          424306            424920
3365           26          965           812          499197            500162
3366           750          927           70          497118            498045
3367           205          807           702          481435            482242
3368           55          774           521          474397            475171
3369           224          881           604          492969            493850
3370           592          465           650          354552            355017
3371           881          850           5          489026            489876
3372           53          843           95          487928            488771
3373           490          101           135          94809            94910
3374           668          422           529          330478            330900
3375           756          751           838          468811            469562
3376           88          684           104          449572            450256
3377           245          758           292          470559            471317
3378           47          735           608          464634            465369
3379           876          48           283          46143            46191
3380           600          974           167          499471            500445
3381           120          176           673          158905            159081
3382           961          458           849          350761            351219
3383           746          196           44          175061            175257
3384           348          322           849          268075            268397
3385           733          100           744          93931            94031
3386           422          748           932          468056            468804
3387           420          595           365          416666            417261
3388           955          763           540          471787            472550
3389           512          494           775          369787            370281
3390           58          180           802          162173            162353
3391           419          820           594          483931            484751
3392           38          703           624          455572            456275
3393           823          663           303          442489            443152
3394           524          852           953          489327            490179
3395           653          130           207          120229            120359
3396           836          621           131          427062            427683
3397           872          601           320          419130            419731
3398           344          598           339          417906            418504
3399           115          175           695          158102            158277
3400           166          614           418          424326            424940
3401           57          368           256          298094            298462
3402           735          463           609          353493            353956
3403           155          993           192          499785            500778
3404           284          4           885          3386            3390
3405           574          862           174          490707            491569
3406           884          422           853          330500            330922
3407           639          660           176          441443            442103
3408           607          968           522          499308            500276
3409           221          721           444          460793            461514
3410           327          78           267          74092            74170
3411           308          568           36          405132            405700
3412           383          240           17          209327            209567
3413           421          66           434          63051            63117
3414           395          844           112          488096            488940
3415           71          27           679          25968            25995
3416           270          544           336          394210            394754
3417           560          603           532          419950            420553
3418           324          825           973          484850            485675
3419           913          906           737          495417            496323
3420           310          527           75          386171            386698
3421           748          50           39          48081            48131
3422           392          280           718          238920            239200
3423           464          229           255          200915            201144
3424           120          462           514          352964            353426
3425           126          41           170          39510            39551
3426           479          229           657          200917            201146
3427           150          61           96          58418            58479
3428           79          36           126          34698            34734
3429           784          597           589          417507            418104
3430           696          370           222          299356            299726
3431           155          669           502          444562            445231
3432           50          989           340          499746            500735
3433           314          850           499          489034            489884
3434           164          69           2          65845            65914
3435           233          825           585          484854            485679
3436           602          366           641          296861            297227
3437           915          92           470          86815            86907
3438           727          745           261          467301            468046
3439           657          156           665          142351            142507
3440           850          499           566          372363            372862
3441           831          246           720          213901            214147
3442           247          499           1          372364            372863
3443           338          802           592          480444            481246
3444           939          794           875          478780            479574
3445           756          691           615          451860            452551
3446           283          343           345          282073            282416
3447           331          128           347          118548            118676
3448           764          691           98          451861            452552
3449           652          821           698          484127            484948
3450           250          824           438          484675            485499
3451           639          981           314          499624            500605
3452           857          40           795          38575            38615
3453           181          2           492          1450            1452
3454           725          311           153          260640            260951
3455           320          954           725          498728            499682
3456           397          398           252          316411            316809
3457           731          483           804          364145            364628
3458           354          586           790          412916            413502
3459           567          277           837          236786            237063
3460           68          523           889          384253            384776
3461           712          507           171          376400            376907
3462           752          757           474          470330            471087
3463           451          370           426          299378            299748
3464           941          584           494          412070            412654
3465           484          244           464          212405            212649
3466           61          869           290          491583            492452
3467           601          691           168          451868            452559
3468           772          299           382          252380            252679
3469           931          246           538          213925            214171
3470           206          884           151          493302            494186
3471           78          354           476          289242            289596
3472           0          357           847          291169            291526
3473           341          979           134          499586            500565
3474           561          964           163          499164            500128
3475           205          43           251          41471            41514
3476           372          177           699          159799            159976
3477           796          485           21          365194            365679
3478           592          290           659          246094            246384
3479           59          9           958          8408            8417
3480           472          95           409          89551            89646
3481           883          510           666          377901            378411
3482           131          799           260          479832            480631
3483           729          450           253          346407            346857
3484           475          698           207          454066            454764
3485           36          384           395          307994            308378
3486           236          454           179          348624            349078
3487           367          248           296          215449            215697
3488           272          34           660          32822            32856
3489           331          658           270          440763            441421
3490           105          801           606          480247            481048
3491           390          994           626          499792            500786
3492           574          964           561          499166            500130
3493           9          892           520          494108            495000
3494           272          681           302          448620            449301
3495           18          361           306          293739            294100
3496           866          884           485          493308            494192
3497           446          120           548          111653            111773
3498           237          68           595          64978            65046
3499           648          252           752          218461            218713
3500           997          513           212          379392            379905
3501           694          387           102          309824            310211
3502           896          50           712          48155            48205
3503           293          743           422          466795            467538
3504           865          340           110          280140            280480
3505           78          295           312          249620            249915
3506           508          21           833          20218            20239
3507           582          624           166          428264            428888
3508           29          731           876          463581            464312
3509           692          788           805          477526            478314
3510           555          121           501          112535            112656
3511           480          375           751          302495            302870
3512           193          554           375          398859            399413
3513           922          434           143          337441            337875
3514           693          939           871          497932            498871
3515           100          656           660          440064            440720
3516           303          479           30          362085            362564
3517           425          141           314          129741            129882
3518           28          449           954          345869            346318
3519           573          835           856          486600            487435
3520           553          931           30          497412            498343
3521           242          731           920          463586            464317
3522           240          9           337          8451            8460
3523           74          766           789          472546            473312
3524           841          938           741          497871            498809
3525           899          931           192          497414            498345
3526           554          166           947          150789            150955
3527           677          921           417          496686            497607
3528           196          813           987          482639            483452
3529           601          223           770          196364            196587
3530           268          826           191          485048            485874
3531           742          87           538          82384            82471
3532           371          861           391          490597            491458
3533           708          609           609          422402            423011
3534           472          168           325          152453            152621
3535           58          188           177          168767            168955
3536           248          917           717          496379            497296
3537           859          635           163          432453            433088
3538           755          461           123          352482            352943
3539           960          331           210          274216            274547
3540           778          707           97          456814            457521
3541           170          88           289          83298            83386
3542           27          678           868          447639            448317
3543           56          944           828          498215            499159
3544           75          593           213          415900            416493
3545           988          516           112          380889            381405
3546           207          528           321          386708            387236
3547           155          879           784          492767            493646
3548           822          367           897          297562            297929
3549           754          186           268          167169            167355
3550           295          218           742          192495            192713
3551           346          537           732          390987            391524
3552           441          267           220          229593            229860
3553           457          316           699          264118            264434
3554           383          882           114          493100            493982
3555           57          524           282          384783            385307
3556           489          456           998          349764            350220
3557           193          292           299          247560            247852
3558           407          269           526          231057            231326
3559           232          974           629          499477            500451
3560           456          627           648          429441            430068
3561           236          251           380          217761            218012
3562           873          859           242          490337            491196
3563           560          547           928          395663            396210
3564           596          378           657          304373            304751
3565           941          718           996          459991            460709
3566           500          129           208          119514            119643
3567           966          190           742          170404            170594
3568           561          430           364          335197            335627
3569           684          89           797          84229            84318
3570           591          220           730          194067            194287
3571           290          61           111          58553            58614
3572           523          621           493          427126            427747
3573           870          511           49          378442            378953
3574           78          778           764          475354            476132
3575           286          515           929          380412            380927
3576           32          981           793          499626            500607
3577           849          230           55          201802            202032
3578           498          172           637          155787            155959
3579           739          813           444          482649            483462
3580           190          23           291          22241            22264
3581           374          701           115          455019            455720
3582           733          743           191          466816            467559
3583           651          160           780          145833            145993
3584           773          659           10          441151            441810
3585           963          688           678          450940            451628
3586           101          156           150          142478            142634
3587           27          864           442          490986            491850
3588           652          945           619          498273            499218
3589           261          247           210          214770            215017
3590           379          265           108          228155            228420
3591           885          778           810          475359            476137
3592           375          49           256          47293            47342
3593           157          869           715          491603            492472
3594           548          277           796          236881            237158
3595           664          851           585          489212            490063
3596           936          580           792          410424            411004
3597           105          159           702          145007            145166
3598           471          284           316          241909            242193
3599           190          394           163          314104            314498
3600           690          544           62          394290            394834
3601           666          234           699          204884            205118
3602           375          532           741          388642            389174
3603           874          744           815          467083            467827
3604           984          866           13          491238            492104
3605           943          564           236          403427            403991
3606           854          20           912          19339            19359
3607           745          291           464          246887            247178
3608           431          495           426          370413            370908
3609           65          253           443          219289            219542
3610           204          257           448          222268            222525
3611           337          290           727          246184            246474
3612           832          708           749          457126            457834
3613           488          691           192          451914            452605
3614           203          185           849          166416            166601
3615           363          626           728          429078            429704
3616           516          248           700          215546            215794
3617           301          245           861          213280            213525
3618           966          419           168          328869            329288
3619           432          584           986          412132            412716
3620           387          477           627          361087            361564
3621           245          36           502          34884            34920
3622           234          92           58          86983            87075
3623           911          868           483          491483            492351
3624           187          663           153          442564            443227
3625           558          989           313          499748            500737
3626           449          675           25          446659            447334
3627           328          439           748          340335            340774
3628           430          13           442          12496            12509
3629           185          198           933          176845            177043
3630           96          197           487          176052            176249
3631           460          341           502          280876            281217
3632           115          954           363          498736            499690
3633           225          214           152          189440            189654
3634           225          340           683          280220            280560
3635           501          496           120          370934            371430
3636           713          569           63          405664            406233
3637           890          127           155          117853            117980
3638           666          846           710          488447            489293
3639           385          443           794          342586            343029
3640           16          935           900          497689            498624
3641           494          361           467          293827            294188
3642           279          674           844          446326            447000
3643           529          259           914          223774            224033
3644           268          448           296          345379            345827
3645           309          788           204          477554            478342
3646           647          260           943          224517            224777
3647           877          350           772          286764            287114
3648           504          19           961          18401            18420
3649           375          215           224          190235            190450
3650           879          131           78          121307            121438
3651           250          476           256          360571            361047
3652           313          260           26          224520            224780
3653           528          487           166          366312            366799
3654           672          28           613          27169            27197
3655           575          260           731          224522            224782
3656           192          551           897          397540            398091
3657           146          288           266          244794            245082
3658           518          480           719          362678            363158
3659           613          572           791          406983            407555
3660           354          43           190          41646            41689
3661           221          348           180          285470            285818
3662           835          644           839          435792            436436
3663           300          481           48          363203            363684
3664           273          331           831          274291            274622
3665           517          80           900          76145            76225
3666           966          947           831          498382            499329
3667           838          41           541          39739            39780
3668           369          699           379          454425            455124
3669           659          690           94          451603            452293
3670           350          856           446          489935            490791
3671           81          936           762          497754            498690
3672           89          387           772          309921            310308
3673           36          577           24          409160            409737
3674           753          786           496          477127            477913
3675           693          6           674          5638            5644
3676           202          462           146          353092            353554
3677           462          305           367          256668            256973
3678           246          864           395          490996            491860
3679           966          878           417          492662            493540
3680           430          380           933          305663            306043
3681           517          616           13          425210            425826
3682           638          914           908          496139            497053
3683           999          359           725          292576            292935
3684           512          363           319          295118            295481
3685           457          879           56          492778            493657
3686           312          632           726          431376            432008
3687           309          883           350          493218            494101
3688           552          184           177          165669            165853
3689           516          984           830          499677            500661
3690           874          543           21          393860            394403
3691           699          182           35          164047            164229
3692           924          905           868          495350            496255
3693           336          49           980          47386            47435
3694           695          860           418          490490            491350
3695           510          424           794          331817            332241
3696           174          527           774          386290            386817
3697           127          373           77          301373            301746
3698           323          924           760          496922            497846
3699           74          367           441          297649            298016
3700           245          423           164          331242            331665
3701           983          850           399          489079            489929
3702           862          368           757          298276            298644
3703           423          592           470          415533            416125
3704           939          741           902          466315            467056
3705           635          567           946          404805            405372
3706           738          640           22          434348            434988
3707           953          634           495          432133            432767
3708           857          827           648          485256            486083
3709           639          541           792          392934            393475
3710           837          947           98          498384            499331
3711           890          764           568          472106            472870
3712           89          991           582          499769            500760
3713           797          469           291          356880            357349
3714           757          75           980          71626            71701
3715           7          370           739          299532            299902
3716           674          705           255          456263            456968
3717           301          58           590          55883            55941
3718           912          933           143          497563            498496
3719           125          282           257          240567            240849
3720           349          560           972          401678            402238
3721           772          853           286          489523            490376
3722           436          978           426          499571            500549
3723           458          974           809          499483            500457
3724           263          1           135          723            724
3725           20          594           930          416383            416977
3726           260          39           96          37874            37913
3727           900          451           144          347096            347547
3728           270          31           212          30148            30179
3729           0          958           374          498923            499881
3730           367          261           148          225321            225582
3731           802          643           401          435455            436098
3732           30          721           469          460879            461600
3733           976          47           800          45523            45570
3734           132          226           335          198848            199074
3735           766          413           313          325424            325837
3736           517          452           243          347654            348106
3737           528          289           486          245567            245856
3738           683          442           600          342083            342525
3739           386          788           375          477576            478364
3740           559          403           471          319542            319945
3741           507          331           131          274351            274682
3742           574          635           441          432519            433154
3743           755          704           875          455970            456674
3744           868          842           294          487826            488668
3745           583          254           733          220143            220397
3746           534          392           342          312990            313382
3747           922          503           520          374532            375035
3748           498          290           845          246284            246574
3749           479          807           706          481512            482319
3750           846          859           743          490364            491223
3751           292          559           146          401240            401799
3752           889          596           969          417220            417816
3753           406          507           45          376541            377048
3754           812          262           15          226077            226339
3755           282          776           762          474942            475718
3756           610          440           288          340972            341412
3757           656          313           956          262215            262528
3758           982          83           719          78959            79042
3759           272          271           891          232657            232928
3760           568          662           111          442257            442919
3761           632          108           461          101348            101456
3762           205          777           832          475169            475946
3763           164          383           846          307552            307935
3764           843          237           826          207313            207550
3765           975          558           993          400790            401348
3766           161          867           890          491380            492247
3767           523          150           259          137580            137730
3768           371          558           878          400792            401350
3769           742          888           53          493740            494628
3770           885          272           839          233391            233663
3771           469          629           756          430273            430902
3772           570          1           61          771            772
3773           862          854           461          489673            490527
3774           843          606           74          421290            421896
3775           119          918           325          496475            497393
3776           488          576           728          408774            409350
3777           358          625           671          428749            429374
3778           375          137           445          126559            126696
3779           476          392           413          313011            313403
3780           338          682           612          449035            449717
3781           18          458           63          350976            351434
3782           833          932           121          497499            498431
3783           256          569           387          405727            406296
3784           254          765           221          472366            473131
3785           418          915           6          496234            497149
3786           424          568           953          405288            405856
3787           161          139           426          128275            128414
3788           774          842           338          487834            488676
3789           303          997           824          499804            500801
3790           721          602           500          419686            420288
3791           655          22           428          21472            21494
3792           1          532           850          388733            389265
3793           504          844           657          488161            489005
3794           931          773           108          474266            475039
3795           240          856           919          489959            490815
3796           497          394           126          314226            314620
3797           631          737           460          465281            466018
3798           376          631           361          431044            431675
3799           712          121           374          112796            112917
3800           818          940           313          498004            498944
3801           842          847           191          488634            489481
3802           241          49           893          47489            47538
3803           786          60           712          57832            57892
3804           178          806           323          481326            482132
3805           34          683           428          449378            450061
3806           424          713           938          458625            459338
3807           852          781           85          476072            476853
3808           993          68           919          65264            65332
3809           773          364           391          295843            296207
3810           358          366           70          297102            297468
3811           505          356           389          290753            291109
3812           99          747           99          467908            468655
3813           281          760           490          471159            471919
3814           906          200           424          178585            178785
3815           807          360           192          293312            293672
3816           106          988           65          499738            500726
3817           692          173           168          156812            156985
3818           895          366           223          297106            297472
3819           11          189           26          169810            169999
3820           852          374           326          302073            302447
3821           724          578           905          409659            410237
3822           531          162           674          147711            147873
3823           789          536           218          390641            391177
3824           37          238           954          208124            208362
3825           769          515           851          380535            381050
3826           813          938           289          497888            498826
3827           686          750           602          468671            469421
3828           25          744           756          467141            467885
3829           255          509           555          377581            378090
3830           225          320           374          267026            267346
3831           754          281           610          239934            240215
3832           378          843           5          488005            488848
3833           937          383           817          307598            307981
3834           257          754           825          469674            470428
3835           978          203           382          180972            181175
3836           26          46           574          44672            44718
3837           540          91           633          86275            86366
3838           904          859           534          490374            491233
3839           244          707           594          456897            457604
3840           996          254           625          220218            220472
3841           966          594           679          416432            417026
3842           55          441           510          341583            342024
3843           210          682           788          449061            449743
3844           386          632           629          431438            432070
3845           926          997           693          499805            500802
3846           643          421           434          330173            330594
3847           505          874           9          492220            493094
3848           741          773           282          474278            475051
3849           620          529           486          387332            387861
3850           681          265           624          228353            228618
3851           248          724           540          461751            462475
3852           183          56           892          54134            54190
3853           671          58           191          56010            56068
3854           696          782           388          476299            477081
3855           855          841           514          487680            488521
3856           552          323           66          269075            269398
3857           189          635           674          432564            433199
3858           743          503           505          374597            375100
3859           626          86           95          81778            81864
3860           454          588           974          413923            414511
3861           410          106           823          99671            99777
3862           35          10           952          9774            9784
3863           516          542           830          393479            394021
3864           450          636           161          432934            433570
3865           919          93           702          88099            88192
3866           305          893           228          494239            495132
3867           946          124           664          115459            115583
3868           703          916           735          496322            497238
3869           996          606           274          421332            421938
3870           340          120           445          111984            112104
3871           367          276           908          236363            236639
3872           164          206           928          183360            183566
3873           120          242           615          211205            211447
3874           600          813           997          482704            483517
3875           670          167           323          151917            152084
3876           899          1           308          875            876
3877           127          350           202          286922            287272
3878           641          508           907          377106            377614
3879           348          885           184          493448            494333
3880           392          602           511          419723            420325
3881           972          654           980          439472            440126
3882           948          98           7          92590            92688
3883           619          570           13          406213            406783
3884           562          299           97          252667            252966
3885           408          689           559          451352            452041
3886           25          689           855          451353            452042
3887           463          917           321          496404            497321
3888           943          971           171          499410            500381
3889           320          967           919          499290            500257
3890           930          648           758          437323            437971
3891           787          381           435          306413            306794
3892           822          823           551          484577            485400
3893           750          63           581          60709            60772
3894           104          118           476          110254            110372
3895           605          342           90          281716            282058
3896           241          826           769          485115            485941
3897           971          853           204          489548            490401
3898           132          218           85          192775            192993
3899           299          806           141          481344            482150
3900           575          745           773          467420            468165
3901           265          809           36          481935            482744
3902           171          119           110          111137            111256
3903           675          622           290          427643            428265
3904           963          460           87          352137            352597
3905           275          742           624          466638            467380
3906           11          54           381          52307            52361
3907           610          900           327          494905            495805
3908           87          514           287          380089            380603
3909           46          517           577          381555            382072
3910           241          206           151          183391            183597
3911           693          200           867          178662            178862
3912           786          576           911          408839            409415
3913           28          166           93          151119            151285
3914           709          276           769          236393            236669
3915           275          176           119          159348            159524
3916           696          706           490          456622            457328
3917           499          400           286          317871            318271
3918           382          309           745          259591            259900
3919           880          707           621          456919            457626
3920           493          963           75          499138            500101
3921           953          858           212          490248            491106
3922           842          157           228          143607            143764
3923           895          61           374          58879            58940
3924           458          58           640          56078            56136
3925           118          458           745          351058            351516
3926           58          704           895          456029            456733
3927           921          464           169          354312            354776
3928           944          327           890          271810            272137
3929           310          966           252          499254            500220
3930           611          692           893          452324            453016
3931           64          380           277          305825            306205
3932           868          419           398          329055            329474
3933           864          396           229          315501            315897
3934           386          651           844          438418            439069
3935           871          60           54          57957            58017
3936           650          594           638          416473            417067
3937           391          1           764          936            937
3938           757          134           57          124127            124261
3939           416          308           250          258920            259228
3940           36          567           261          404915            405482
3941           542          577           860          409280            409857
3942           503          34           868          33261            33295
3943           427          94           161          89067            89161
3944           941          300           78          253403            253703
3945           944          401           299          318478            318879
3946           202          373           595          301533            301906
3947           103          471           969          358072            358543
3948           918          114           428          106792            106906
3949           832          475           813          360200            360675
3950           478          523           839          384484            385007
3951           519          370           833          299682            300052
3952           990          880           130          492918            493798
3953           794          827           935          485297            486124
3954           403          320           822          267107            267427
3955           311          123           502          114665            114788
3956           496          968           921          499324            500292
3957           887          400           907          317892            318292
3958           451          42           185          40977            41019
3959           445          104           348          97986            98090
3960           171          971           191          499411            500382
3961           189          558           580          400882            401440
3962           753          710           21          457799            458509
3963           631          594           850          416479            417073
3964           10          52           6          50477            50529
3965           625          474           178          359678            360152
3966           931          556           115          399974            400530
3967           11          969           658          499356            500325
3968           511          53           740          51423            51476
3969           656          606           278          421365            421971
3970           577          956           148          498844            499800
3971           395          439           413          340530            340969
3972           624          268           233          230630            230898
3973           146          108           275          101533            101641
3974           435          470           236          357552            358022
3975           390          16           535          15782            15798
3976           229          25           201          24570            24595
3977           381          437           963          339402            339839
3978           525          969           447          499357            500326
3979           298          958           178          498935            499893
3980           144          895           644          494443            495338
3981           903          484           760          364930            365414
3982           911          163           920          148672            148835
3983           670          789           539          477837            478626
3984           593          551           208          397695            398246
3985           404          396           390          315532            315928
3986           435          94           983          89105            89199
3987           919          49           619          47666            47715
3988           656          905           972          495378            496283
3989           549          777           661          475219            475996
3990           612          426           58          333139            333565
3991           291          193           445          173150            173343
3992           625          274           739          235001            235275
3993           145          224           211          197500            197724
3994           964          566           333          404486            405052
3995           959          545           635          394930            395475
3996           210          907           874          495558            496465
3997           591          119           864          111215            111334
3998           373          844           63          488191            489035
3999           862          926           45          497092            498018
4000           356          226           784          199052            199278
Average waiting time: 331933.113
Average turn around: 332433.918
