index    ||  arrival  ||  burst  ||  priority  ||  waiting  ||  turnAround
1258           509          999           726          0            999
1051           289          998           417          1219            2217
1354           258          998           709          2248            3246
1416           53          998           278          3451            4449
1824           823          998           503          3679            4677
1320           286          996           727          5214            6210
1162           182          996           506          6314            7310
1447           904          994           820          6588            7582
1044           966          994           18          7520            8514
1528           840          993           125          8640            9633
1357           733          990           57          9740            10730
1316           721          987           238          10742            11729
1818           503          985           898          11947            12932
1739           745          985           522          12690            13675
1730           804          984           401          13616            14600
1105           987          983           121          14417            15400
1243           927          982           119          15460            16442
1774           114          982           695          17255            18237
1520           103          980           661          18248            19228
1647           646          978           246          18685            19663
1670           437          977           922          19872            20849
1535           637          976           19          20649            21625
1525           478          976           126          21784            22760
1655           545          973           351          22693            23666
1837           851          973           744          23360            24333
1432           988          972           175          24196            25168
1582           799          970           572          25357            26327
1260           685          970           875          26441            27411
1107           710          969           175          27386            28355
1202           790          968           523          28275            29243
1918           113          965           505          29920            30885
1012           971          963           968          30027            30990
1636           629          963           499          31332            32295
1709           217          962           242          32707            33669
1513           802          962           290          33084            34046
1221           110          960           836          34738            35698
1491           189          960           154          35619            36579
1682           453          958           939          36315            37273
1723           421          957           161          37305            38262
1158           274          955           455          38409            39364
1369           205          955           302          39433            40388
1880           214          955           261          40379            41334
1380           494          955           963          41054            42009
1619           463          954           356          42040            42994
1452           780          954           279          42677            43631
1116           958          953           573          43453            44406
1383           178          951           172          45186            46137
1608           63          950           669          46252            47202
1224           56          947           509          47209            48156
1481           205          942           631          48007            48949
1532           940          941           421          48214            49155
1406           225          941           677          49870            50811
1764           844          941           986          50192            51133
1669           807          940           535          51170            52110
1762           889          940           209          52028            52968
1661           745          940           564          53112            54052
1930           953          940           53          53844            54784
1401           6          939           64          55731            56670
1854           670          938           602          56006            56944
1007           116          938           869          57498            58436
1411           640          938           124          57912            58850
1841           963          938           95          58527            59465
1859           357          937           147          60071            61008
1776           252          936           547          61113            62049
1912           249          935           125          62052            62987
1565           969          934           546          62267            63201
1227           199          932           881          63971            64903
1275           885          931           238          64217            65148
1223           212          931           824          65821            66752
1727           701          930           395          66263            67193
1073           319          929           735          67575            68504
1928           330          928           269          68493            69421
1391           170          928           204          69581            70509
1646           168          926           921          70511            71437
1425           172          924           566          71433            72357
1662           731          922           209          71798            72720
1106           610          922           469          72841            73763
1062           527          922           625          73846            74768
1549           627          922           889          74668            75590
1892           822          921           439          75395            76316
1758           660          920           565          76478            77398
1777           300          920           282          77758            78678
1838           930          918           644          78048            78966
1240           198          917           588          79698            80615
1022           773          915           603          80040            80955
1010           281          914           876          81447            82361
1494           865          914           10          81777            82691
1339           916          913           743          82640            83553
1509           534          913           69          83935            84848
1285           35          912           341          85347            86259
1442           3          912           860          86291            87203
1979           916          912           847          86290            87202
1444           680          911           295          87438            88349
1560           436          911           523          88593            89504
1331           460          910           628          89480            90390
1090           396          909           426          90454            91363
1122           557          907           410          91202            92109
1338           418          906           764          92248            93154
1046           818          906           350          92754            93660
1190           695          905           664          93783            94688
1691           952          904           179          94431            95335
1793           120          904           937          96167            97071
1296           460          903           394          96731            97634
1530           976          903           959          97118            98021
1804           15          901           640          98982            99883
1617           460          901           341          99438            100339
1480           655          901           812          100144            101045
1695           223          899           478          101477            102376
1262           518          899           927          102081            102980
1687           93          897           4          103405            104302
1232           376          897           958          104019            104916
1265           524          896           197          104768            105664
1344           289          896           994          105899            106795
1522           781          895           591          106303            107198
1424           932          894           308          107047            107941
1597           111          894           849          108762            109656
1648           490          894           441          109277            110171
1149           400          892           905          110261            111153
1790           619          892           737          110934            111826
1001           782          892           808          111663            112555
1635           928          889           93          112409            113298
1110           481          888           194          113745            114633
1359           944          886           707          114170            115056
1103           433          885           633          115567            116452
1690           284          885           403          116601            117486
1412           288          884           677          117482            118366
1340           568          883           138          118086            118969
1023           933          880           662          118604            119484
1836           176          877           670          120241            121118
1053           734          873           682          120560            121433
1472           546          872           545          121621            122493
1586           473          872           68          122566            123438
1564           61          870           877          123850            124720
1888           422          870           946          124359            125229
1211           563          867           537          125088            125955
1664           274          866           905          126244            127110
1176           908          865           740          126476            127341
1233           337          863           343          127912            128775
1346           842          861           122          128270            129131
1276           477          859           532          129496            130355
1849           144          859           680          130688            131547
1672           79          858           131          131612            132470
1666           486          857           305          132063            132920
1640           895          856           75          132511            133367
1257           92          856           450          134170            135026
1220           302          855           310          134816            135671
1744           712          854           23          135261            136115
1947           796          853           186          136031            136884
1242           61          852           375          137619            138471
1098           288          851           12          138244            139095
1579           585          850           791          138798            139648
1225           498          849           952          139735            140584
1126           117          848           50          140965            141813
1898           107          848           335          141823            142671
1399           693          847           97          142085            142932
1360           212          846           707          143413            144259
1368           502          845           272          143969            144814
1857           280          844           646          145036            145880
1181           296          843           692          145864            146707
1729           175          843           263          146828            147671
1356           965          842           561          146881            147723
1040           629          842           935          148059            148901
1550           77          841           592          149453            150294
1127           218          840           667          150153            150993
1580           246          840           715          150965            151805
1519           615          840           932          151436            152276
1557           218          839           649          152673            153512
1326           760          836           423          152970            153806
1858           877          835           570          153689            154524
1312           748          835           184          154653            155488
1254           410          832           291          155826            156658
1113           311          831           579          156757            157588
1970           806          831           783          157093            157924
1008           231          831           197          158499            159330
1060           255          829           282          159306            160135
1282           865          828           957          159525            160353
1944           12          826           479          161206            162032
1253           225          826           435          161819            162645
1990           568          825           504          162302            163127
1701           613          824           610          163082            163906
1594           170          823           868          164349            165172
1304           991          822           486          164351            165173
1521           973          818           115          165191            166009
1902           202          816           514          166780            167596
1347           512          815           319          167286            168101
1252           161          814           960          168452            169266
1994           809          814           320          168618            169432
1293           865          813           938          169376            170189
1630           521          813           223          170533            171346
1236           542          811           732          171325            172136
1929           387          809           512          172291            173100
1449           833          808           416          172654            173462
1853           42          808           849          174253            175061
1554           598          805           555          174505            175310
1718           654          805           675          175254            176059
1733           304          805           443          176409            177214
1641           482          803           857          177036            177839
1329           976          801           922          177345            178146
1014           193          800           550          178929            179729
1349           451          799           687          179471            180270
1667           835          798           375          179886            180684
1955           84          798           226          181435            182233
1866           859          797           310          181458            182255
1688           550          795           497          182564            183359
1054           550          794           404          183359            184153
1645           715          792           486          183988            184780
1663           399          790           783          185096            185886
1455           865          789           417          185420            186209
1883           739          788           712          186335            187123
1954           901          787           306          186961            187748
1212           11          787           249          188638            189425
1085           789          786           130          188647            189433
1042           626          785           309          189596            190381
1013           659          785           356          190348            191133
1637           56          785           122          191736            192521
1456           263          785           17          192314            193099
1856           951          784           695          192411            193195
1684           193          784           204          193953            194737
1823           244          782           371          194686            195468
1901           551          782           879          195161            195943
1311           204          780           400          196290            197070
1287           481          779           309          196793            197572
1896           424          779           102          197629            198408
1863           280          779           920          198552            199331
1159           470          777           858          199141            199918
1819           358          777           168          200030            200807
1441           871          772           58          200294            201066
1335           726          772           307          201211            201983
1716           621          771           207          202088            202859
1652           581          771           412          202899            203670
1951           422          771           183          203829            204600
1798           581          770           470          204441            205211
1643           410          769           104          205382            206151
1410           19          767           412          206542            207309
1887           521          767           46          206807            207574
1474           316          766           955          207779            208545
1075           143          765           901          208718            209483
1045           15          765           674          209611            210376
1121           653          763           565          209738            210501
1091           155          763           619          210999            211762
1421           288          762           915          211629            212391
1385           571          759           578          212108            212867
1644           34          758           650          213404            214162
1497           353          758           902          213843            214601
1658           298          756           719          214656            215412
1207           809          756           777          214901            215657
1470           946          755           384          215520            216275
1467           284          754           961          216937            217691
1992           901          751           637          217074            217825
1651           313          749           123          218413            219162
1328           77          748           993          219398            220146
1936           861          748           25          219362            220110
1810           225          748           557          220746            221494
1309           231          747           774          221488            222235
1873           136          746           422          222330            223076
1966           480          744           940          222732            223476
1517           40          743           376          223916            224659
1501           264          740           660          224435            225175
1839           183          739           773          225256            225995
1134           750          739           805          225428            226167
1939           619          738           542          226298            227036
1756           547          738           412          227108            227846
1755           81          737           123          228312            229049
1553           100          737           299          229030            229767
1949           290          737           61          229577            230314
1685           642          737           696          229962            230699
1303           794          735           963          230547            231282
1139           555          734           226          231521            232255
1719           609          733           155          232201            232934
1571           62          732           511          233481            234213
1578           221          730           461          234054            234784
1552           41          730           145          234964            235694
1899           909          730           950          234826            235556
1376           197          729           885          236268            236997
1671           508          729           101          236686            237415
1558           251          728           888          237672            238400
1341           707          727           862          237944            238671
1697           698          726           897          238680            239406
1562           797          724           899          239307            240031
1707           169          722           638          240659            241381
1945           78          721           203          241472            242193
1402           958          721           186          241313            242034
1595           850          721           292          242142            242863
1377           248          719           245          243465            244184
1186           900          717           137          243532            244249
1086           417          716           189          244732            245448
1185           980          716           728          244885            245601
1161           753          716           322          245828            246544
1875           590          712           499          246707            247419
1041           997          711           259          247012            247723
1229           585          710           59          248135            248845
1237           969          710           269          248461            249171
1259           219          710           481          249921            250631
1831           630          708           601          250220            250928
1556           343          707           732          251215            251922
1117           46          706           22          252219            252925
1231           558          706           271          252413            253119
1698           239          705           43          253438            254143
1137           914          705           643          253468            254173
1884           809          704           554          254278            254982
1642           977          702           486          254814            255516
1392           571          701           125          255922            256623
1879           475          699           890          256719            257418
1064           718          699           651          257175            257874
1279           306          698           875          258286            258984
1547           862          698           368          258428            259126
1157           78          697           128          259910            260607
1150           811          697           98          259874            260571
1267           894          697           563          260488            261185
1119           864          696           975          261215            261911
1448           842          694           188          261933            262627
1506           714          691           377          262755            263446
1874           602          689           634          263558            264247
1483           995          688           530          263854            264542
1633           253          688           668          265284            265972
1916           364          687           389          265861            266548
1268           327          687           406          266585            267272
1622           667          686           109          266932            267618
1834           275          685           512          268010            268695
1915           814          685           71          268156            268841
1740           832          684           612          268823            269507
1102           562          681           122          269777            270458
1366           737          680           306          270283            270963
1016           173          680           982          271527            272207
1811           441          680           635          271939            272619
1143           769          679           602          272291            272970
1037           319          678           706          273420            274098
1317           578          677           743          273839            274516
1781           639          675           552          274455            275130
1795           284          675           534          275485            276160
1194           126          675           553          276318            276993
1420           446          674           548          276673            277347
1704           941          673           147          276852            277525
1038           286          671           371          278180            278851
1976           30          671           728          279107            279778
1270           256          669           519          279552            280221
1920           836          669           87          279641            280310
1203           445          669           390          280701            281370
1321           175          668           830          281640            282308
1434           885          667           703          281598            282265
1650           559          663           770          282591            283254
1093           363          662           417          283450            284112
1732           860          657           659          283615            284272
1172           405          657           934          284727            285384
1244           978          655           37          284811            285466
1112           230          654           274          286214            286868
1694           241          654           157          286857            287511
1438           988          653           641          286764            287417
1039           965          651           761          287440            288091
1924           790          651           203          288266            288917
1300           377          651           623          289330            289981
1968           369          648           839          289989            290637
1815           564          646           81          290442            291088
1881           979          646           846          290673            291319
1590           713          645           761          291585            292230
1785           500          645           20          292443            293088
1414           654          643           308          292934            293577
1958           858          643           189          293373            294016
1387           402          641           240          294472            295113
1371           205          641           570          295310            295951
1322           691          641           976          295465            296106
1466           336          640           442          296461            297101
1591           846          640           540          296591            297231
1891           514          639           500          297563            298202
1426           31          639           116          298685            299324
1877           46          638           824          299309            299947
1545           486          638           551          299507            300145
1198           155          637           967          300476            301113
1570           373          637           578          300895            301532
1720           499          636           753          301406            302042
1957           710          634           327          301831            302465
1099           365          634           881          302810            303444
1374           54          633           543          303755            304388
1829           956          632           436          303486            304118
1736           141          632           362          304933            305565
1516           956          632           625          304750            305382
1057           290          631           802          306048            306679
1096           226          630           714          306743            307373
1003           931          629           236          306668            307297
1443           649          628           397          307579            308207
1807           75          628           839          308781            309409
1178           968          621           941          308516            309137
1721           79          621           63          310026            310647
1784           668          618           522          310058            310676
1142           565          618           274          310779            311397
1100           914          616           919          311048            311664
1931           220          614           86          312358            312972
1151           501          614           774          312691            313305
1862           189          611           367          313617            314228
1440           561          611           589          313856            314467
1084           489          610           844          314539            315149
1141           244          610           583          315394            316004
1627           162          609           8          316086            316695
1382           735          607           974          316122            316729
1230           432          606           986          317032            317638
1115           910          605           888          317160            317765
1498           324          605           360          318351            318956
1910           954          604           404          318326            318930
1952           882          604           740          319002            319606
1848           965          602           476          319523            320125
1088           379          601           225          320711            321312
1821           777          601           637          320914            321515
1609           960          601           183          321332            321933
1278           162          599           970          322731            323330
1569           548          598           246          322944            323542
1302           356          597           985          323734            324331
1428           123          597           803          324564            325161
1919           883          593           706          324401            324994
1890           808          592           888          325069            325661
1847           303          591           804          326166            326757
1080           750          589           715          326310            326899
1204           383          588           749          327266            327854
1372           443          588           943          327794            328382
1503           768          586           364          328057            328643
1325           75          585           199          329336            329921
1746           872          585           421          329124            329709
1975           843          583           585          329738            330321
1379           575          582           5          330589            331171
1489           206          582           73          331540            332122
1753           923          581           346          331405            331986
1705           44          581           782          332865            333446
1768           486          580           864          333004            333584
1575           209          578           657          333861            334439
1218           755          577           642          333893            334470
1175           607          577           633          334618            335195
1395           651          577           149          335151            335728
1109           75          576           782          336304            336880
1942           473          574           497          336482            337056
1005           772          570           346          336757            337327
1375           20          570           642          338079            338649
1495           631          570           324          338038            338608
1288           630          570           297          338609            339179
1523           504          570           26          339305            339875
1950           772          569           398          339607            340176
1471           473          569           150          340475            341044
1330           106          568           542          341411            341979
1290           782          568           313          341303            341871
1725           207          568           716          342446            343014
1660           478          566           259          342743            343309
1378           286          565           393          343501            344066
1419           993          564           26          343359            343923
1272           475          563           270          344441            345004
1621           826          563           389          344653            345216
1963           123          562           78          345919            346481
1034           180          562           111          346424            346986
1006           702          561           879          346464            347025
1477           104          559           95          347623            348182
1742           607          557           351          347679            348236
1248           972          555           857          347871            348426
1833           18          554           38          349380            349934
1577           575          549           836          349377            349926
1656           530          547           192          349971            350518
1389           267          547           98          350781            351328
1820           438          546           546          351157            351703
1843           89          545           341          352052            352597
1937           946          544           359          351740            352284
1289           593          544           952          352637            353181
1677           313          544           563          353461            354005
1128           919          541           105          353399            353940
1313           127          540           208          354732            355272
1355           261          540           473          355138            355678
1789           597          540           357          355342            355882
1191           330          538           380          356149            356687
1797           601          537           643          356416            356953
1187           216          536           314          357338            357874
1507           425          536           766          357665            358201
1728           177          535           940          358449            358984
1588           908          533           44          358253            358786
1610           204          533           473          359490            360023
1061           113          532           371          360114            360646
1277           986          532           532          359773            360305
1600           253          532           782          361038            361570
1536           382          531           100          361441            361972
1291           892          531           721          361462            361993
1964           809          531           581          362076            362607
1024           416          530           569          363000            363530
1454           681          529           973          363265            363794
1094           314          528           609          364161            364689
1624           593          527           349          364410            364937
1384           835          527           725          364695            365222
1700           45          526           20          366012            366538
1703           873          524           188          365710            366234
1281           284          523           440          366823            367346
1989           828          520           315          366802            367322
1601           660          519           0          367490            368009
1465           701          518           824          367968            368486
1195           780          515           901          368407            368922
1995           948          515           832          368754            369269
1598           22          514           83          370195            370709
1486           805          513           168          369926            370439
1943           706          512           147          370538            371050
1991           313          511           734          371443            371954
1180           95          511           476          372172            372683
1974           340          510           346          372438            372948
1788           291          509           130          372997            373506
1741           301          509           994          373496            374005
1487           497          507           534          373809            374316
1855           621          506           365          374192            374698
1826           812          506           297          374507            375013
1830           544          505           686          375281            375786
1696           147          504           685          376183            376687
1030           511          502           590          376323            376825
1903           869          501           828          376467            376968
1241           994          501           873          376843            377344
1104           565          500           667          377773            378273
1352           642          499           797          378196            378695
1314           517          498           776          378820            379318
1861           382          497           991          379453            379950
1878           967          495           3          379365            379860
1404           838          493           481          379989            380482
1760           913          491           561          380407            380898
1935           915          489           616          380896            381385
1799           28          489           197          382272            382761
1626           115          488           695          382674            383162
1097           167          487           727          383110            383597
1886           247          486           696          383517            384003
1546           141          485           865          384109            384594
2000           144          483           985          384591            385074
1502           353          482           527          384865            385347
1842           229          482           222          385471            385953
1508           720          481           636          385462            385943
1711           954          481           734          385709            386190
1802           846          481           317          386298            386779
1004           827          480           111          386798            387278
1020           929          479           87          387176            387655
1269           187          479           240          388397            388876
1299           705          477           823          388358            388835
1514           808          476           20          388732            389208
1160           73          474           753          389943            390417
1069           61          474           787          390429            390903
1909           85          474           999          390879            391353
1872           184          472           507          391254            391726
1904           400          472           125          391510            391982
1488           89          471           189          392293            392764
1476           803          468           783          392050            392518
1999           779          466           96          392542            393008
1708           812          464           588          392975            393439
1337           197          463           467          394054            394517
1743           52          463           93          394662            395125
1900           771          462           360          394406            394868
1092           499          461           358          395140            395601
1055           537          461           375          395563            396024
1280           252          460           160          396309            396769
1427           63          460           169          396958            397418
1350           836          457           336          396645            397102
1189           750          457           11          397188            397645
1965           946          456           264          397449            397905
1566           522          456           728          398329            398785
1148           309          456           888          398998            399454
1033           951          456           915          398812            399268
1485           590          454           127          399629            400083
1348           206          454           210          400467            400921
1599           959          454           681          400168            400622
1895           450          454           47          401131            401585
1029           450          454           675          401585            402039
1169           450          453           412          402039            402492
1832           117          451           511          402825            403276
1993           744          450           921          402649            403099
1168           115          449           349          403728            404177
1199           314          448           850          403978            404426
1124           763          448           14          403977            404425
1775           310          444           840          404878            405322
1905           167          442           629          405465            405907
1217           589          442           367          405485            405927
1070           739          441           237          405777            406218
1914           101          440           557          406856            407296
1136           433          439           805          406964            407403
1264           862          437           821          406974            407411
1308           138          435           483          408135            408570
1972           486          433           42          408222            408655
1133           285          433           713          408856            409289
1984           70          433           168          409504            409937
1087           164          433           824          409843            410276
1036           182          432           666          410258            410690
1074           586          432           75          410286            410718
1726           437          432           10          410867            411299
1367           274          429           793          411462            411891
1851           426          427           320          411739            412166
1678           151          426           542          412441            412867
1686           345          425           494          412673            413098
1146           49          425           671          413394            413819
1025           553          424           688          413315            413739
1911           178          422           439          414114            414536
1639           43          421           413          414671            415092
1222           582          421           438          414553            414974
1473           854          421           949          414702            415123
1542           867          421           378          415110            415531
1745           126          421           16          416272            416693
1988           873          419           972          415946            416365
1840           457          418           847          416781            417199
1184           508          417           942          417148            417565
1066           771          416           529          417302            417718
1333           786          415           736          417703            418118
1844           720          413           509          418184            418597
1056           176          412           531          419141            419553
1255           201          411           192          419528            419939
1659           275          409           467          419865            420274
1772           903          409           955          419646            420055
1576           46          409           871          420912            421321
1977           944          405           727          420423            420828
1876           165          403           8          421607            422010
1767           590          402           839          421585            421987
1603           743          402           909          421834            422236
1405           310          402           588          422669            423071
1602           185          401           901          423196            423597
1676           659          401           23          423123            423524
1754           728          401           680          423455            423856
1327           160          400           0          424424            424824
1511           562          400           465          424422            424822
1163           242          400           357          425142            425542
1247           183          399           174          425601            426000
1607           998          398           20          425185            425583
1757           603          398           903          425978            426376
1021           633          397           856          426346            426743
1193           95          393           474          427281            427674
1059           531          393           124          427238            427631
1638           430          392           240          427732            428124
1451           140          392           687          428414            428806
1120           160          391           927          428786            429177
1996           112          389           621          429225            429614
1238           292          388           582          429434            429822
1407           827          388           886          429287            429675
1986           459          386           202          430043            430429
1596           836          386           884          430052            430438
1825           59          386           286          431215            431601
1783           302          385           189          431358            431743
1632           898          382           644          431147            431529
1496           467          381           36          431960            432341
1770           848          379           952          431960            432339
1101           371          377           770          432816            433193
1129           304          375           224          433260            433635
1358           960          375           965          432979            433354
1011           143          374           986          434171            434545
1761           255          373           495          434433            434806
1674           797          373           998          434264            434637
1806           463          372           636          434971            435343
1941           525          370           280          435281            435651
1956           213          369           631          435963            436332
1484           854          368           620          435691            436059
1459           395          368           338          436518            436886
1612           738          368           477          436543            436911
1156           941          368           556          436708            437076
1907           164          366           134          437853            438219
1518           971          365           657          437412            437777
1345           824          365           105          437924            438289
1342           360          365           938          438753            439118
1394           894          362           533          438584            438946
1246           906          362           544          438934            439296
1413           955          360           627          439247            439607
1398           700          359           447          439862            440221
1822           60          358           89          440861            441219
1773           210          357           957          441069            441426
1431           697          356           12          440939            441295
1913           831          356           979          441161            441517
1715           290          356           3          442058            442414
1067           290          352           438          442414            442766
1540           580          352           636          442476            442828
1490           864          351           691          442544            442895
1763           663          351           747          443096            443447
1235           503          351           45          443607            443958
1019           333          347           166          444128            444475
1923           689          347           621          444119            444466
1515           79          347           125          445076            445423
1752           557          345           432          444945            445290
1680           534          344           781          445313            445657
1593           631          344           61          445560            445904
1967           957          342           358          445578            445920
1816           219          342           323          446658            447000
1962           630          338           8          446589            446927
1047           906          338           720          446651            446989
1665           191          338           620          447704            448042
1531           432          337           214          447801            448138
1889           975          336           819          447595            447931
1926           83          335           946          448823            449158
1209           43          334           73          449198            449532
1155           358          334           59          449217            449551
1860           920          332           220          448989            449321
1364           194          330           769          450047            450377
1559           451          330           188          450120            450450
1675           815          328           544          450086            450414
1623           807          328           788          450422            450750
1953           569          326           843          450988            451314
1735           858          324           519          451025            451349
1529           64          323           288          452143            452466
1417           400          322           637          452130            452452
1604           768          321           916          452084            452405
1251           111          319           63          453062            453381
1245           441          318           50          453051            453369
1933           742          316           376          453068            453384
1713           322          314           478          453804            454118
1618           831          311           921          453609            453920
1782           294          310           734          454457            454767
1981           573          309           181          454488            454797
1805           637          308           951          454733            455041
1226           143          308           469          455535            455843
1868           871          308           101          455115            455423
1453           122          308           375          456172            456480
1153           336          307           710          456266            456573
1938           265          306           755          456644            456950
1433           313          306           280          456902            457208
1343           908          305           522          456613            456918
1587           146          304           630          457680            457984
1200           319          304           783          457811            458115
1336           13          303           917          458421            458724
1263           479          300           786          458258            458558
1997           28          300           768          459009            459309
1403           175          299           434          459162            459461
1475           571          299           741          459065            459364
1611           343          298           123          459592            459890
1306           554          298           618          459679            459977
1167           255          298           493          460276            460574
1925           76          298           800          460753            461051
1164           335          296           557          460792            461088
1512           659          296           48          460764            461060
1817           296          296           707          461423            461719
1445           303          296           319          461712            462008
1526           25          293           738          462286            462579
1298           846          292           378          461758            462050
1808           399          291           905          462497            462788
1585           643          291           555          462544            462835
1778           21          291           443          463457            463748
1541           389          290           673          463380            463670
1771           802          289           90          463257            463546
1145           166          288           272          464182            464470
1673           555          287           208          464081            464368
1845           704          286           818          464219            464505
1068           546          286           614          464663            464949
1173           684          285           359          464811            465096
1846           137          283           495          465643            465926
1464           463          282           353          465600            465882
1561           487          278           805          465858            466136
1206           270          277           478          466353            466630
1734           85          277           581          466815            467092
1946           769          276           558          466408            466684
1390           382          275           449          467071            467346
1144           449          275           988          467279            467554
1482           421          275           437          467582            467857
1654           52          274           593          468226            468500
1801           696          273           463          467856            468129
1492           851          271           47          467974            468245
1971           491          269           918          468605            468874
1249           418          268           653          468947            469215
1865           877          268           757          468756            469024
1724           686          267           310          469215            469482
1668           548          267           96          469620            469887
1620           564          266           217          469871            470137
1613           284          264           445          470417            470681
1693           981          258           896          469984            470242
1286           151          257           580          471072            471329
1026           431          253           783          471049            471302
1537           855          253           919          470878            471131
1712           558          252           489          471428            471680
1165           782          251           563          471456            471707
1948           906          250           549          471583            471833
1058           737          249           684          472002            472251
1208           400          246           494          472588            472834
1985           809          246           961          472425            472671
1305           631          246           651          472849            473095
1017           506          245           48          473220            473465
1527           195          242           633          473776            474018
1987           164          242           208          474049            474291
1751           916          241           377          473539            473780
1396           670          240           978          474026            474266
1114           173          240           562          474763            475003
1749           315          237           684          474861            475098
1835           48          236           245          475365            475601
1917           669          234           329          474980            475214
1500           959          234           264          474924            475158
1504           685          233           815          475432            475665
1418           500          231           304          475850            476081
1973           94          231           251          476487            476718
1765           105          229           364          476707            476936
1479           177          228           647          476864            477092
1959           991          227           66          476278            476505
1215           522          226           310          476974            477200
1584           790          226           458          476932            477158
1827           518          225           777          477430            477655
1983           235          225           459          477938            478163
1689           334          225           464          478064            478289
1439           653          223           439          477970            478193
1812           289          221           546          478557            478778
1969           461          220           661          478606            478826
1234           809          219           29          478478            478697
1196           203          218           879          479303            479521
1192           891          218           251          478833            479051
1927           630          217           297          479312            479529
1468           260          216           209          479899            480115
1182           217          215           372          480158            480373
1174           824          214           110          479766            479980
1261           584          214           680          480220            480434
1239           25          214           608          480993            481207
1493           248          213           535          480984            481197
1738           968          212           748          480477            480689
1188           134          210           994          481523            481733
1015           995          210           549          480872            481082
1457           109          209           102          481968            482177
1065           226          208           839          482060            482268
1869           483          207           568          482011            482218
1409           580          205           251          482121            482326
1653           603          204           740          482303            482507
1284           328          203           628          482782            482985
1932           692          202           811          482621            482823
1201           577          200           847          482938            483138
1132           427          197           251          483288            483485
1791           866          196           980          483046            483242
1572           11          196           855          484097            484293
1205           70          194           564          484234            484428
1216           579          194           337          483919            484113
1009           613          193           181          484079            484272
1787           447          192           906          484438            484630
1717           51          192           860          485026            485218
1446           181          191           915          485088            485279
1794           261          191           372          485199            485390
1147           63          190           561          485588            485778
1214           47          190           227          485794            485984
1998           212          189           74          485819            486008
1568           730          187           184          485490            485677
1422           192          185           218          486215            486400
1524           793          185           146          485799            485984
1922           787          183           233          485990            486173
1534           529          183           632          486431            486614
1894           278          182           458          486865            487047
1589           491          182           68          486834            487016
1125           937          181           358          486570            486751
1538           456          181           453          487232            487413
1154           539          181           38          487330            487511
1813           544          179           106          487506            487685
1250           347          178           521          487882            488060
1731           371          178           423          488036            488214
1135           928          176           820          487657            487833
1210           197          175           912          488564            488739
1710           751          174           756          488185            488359
1197           313          174           422          488797            488971
1362           579          172           840          488705            488877
1266           83          172           523          489373            489545
1082           368          171           205          489260            489431
1108           799          171           322          489000            489171
1393           126          168           95          489844            490012
1505           5          168           859          490133            490301
1171           925          167           6          489381            489548
1138           502          166           793          489971            490137
1921           625          162           855          490014            490176
1324           485          161           359          490316            490477
1035           721          159           538          490241            490400
1301           357          159           266          490764            490923
1386           190          159           497          491090            491249
1850           10          158           847          491429            491587
1435           146          155           504          491451            491606
1539           537          154           524          491215            491369
1152           458          154           690          491448            491602
1437           542          154           479          491518            491672
1692           694          154           907          491520            491674
1365           543          153           466          491825            491978
1573           300          152           609          492221            492373
1219           781          152           303          491892            492044
1458           15          152           375          492810            492962
1657           655          152           276          492322            492474
1699           66          151           7          493063            493214
1028           952          150           190          492328            492478
1052           655          150           789          492775            492925
1043           843          150           749          492737            492887
1118           569          149           11          493161            493310
1766           819          147           726          493060            493207
1183           114          146           491          493912            494058
1960           720          145           594          493452            493597
1469           276          144           252          494041            494185
1307           386          142           865          494075            494217
1533           270          141           359          494333            494474
1499           306          141           191          494438            494579
1429           461          139           809          494424            494563
1747           671          135           862          494353            494488
1906           932          133           284          494227            494360
1737           381          132           675          494911            495043
1353           596          130           210          494828            494958
1077           304          129           295          495250            495379
1606           64          126           899          495619            495745
1555           815          125           650          494994            495119
1095           665          123           476          495269            495392
1934           64          123           273          495993            496116
1319           3          123           470          496177            496300
1567           149          119           990          496154            496273
1081           174          119           688          496248            496367
1297           620          118           772          495921            496039
1002           182          118           999          496477            496595
1140           584          117           713          496193            496310
1581           839          116           264          496055            496171
1177           524          116           899          496486            496602
1864           461          115           767          496665            496780
1408           527          115           732          496714            496829
1273           272          112           79          497084            497196
1714           910          111           467          496558            496669
1256           535          110           676          497044            497154
1551           55          110           772          497634            497744
1631           161          110           866          497638            497748
1683           713          109           511          497196            497305
1071           192          108           694          497826            497934
1605           203          108           58          497923            498031
1083           663          107           565          497571            497678
1027           773          107           493          497568            497675
1213           888          104           553          497560            497664
1786           633          104           870          497919            498023
1628           528          104           446          498128            498232
1706           166          103           655          498594            498697
1295           341          103           786          498522            498625
1228           376          103           421          498590            498693
1430           617          102           860          498452            498554
1461           922          102           132          498249            498351
1583           275          101           291          498998            499099
1283           457          97           80          498917            499014
1982           827          97           750          498644            498741
1078           586          92           317          498982            499074
1759           274          92           222          499386            499478
1814           428          90           376          499324            499414
1544           788          88           496          499054            499142
1780           629          86           64          499301            499387
1111           577          85           791          499439            499524
1769           949          79           143          499152            499231
1961           418          77           479          499762            499839
1870           408          76           216          499849            499925
1170           864          76           155          499469            499545
1363           505          75           567          499904            499979
1462           331          74           644          500153            500227
1779           123          70           258          500435            500505
1423           520          69           527          500108            500177
1809           681          68           994          500016            500084
1722           48          68           203          500717            500785
1332           550          66           193          500283            500349
1681           722          66           755          500177            500243
1563           586          64           379          500379            500443
1615           588          64           18          500441            500505
1980           6          63           614          501087            501150
1908           240          63           179          500916            500979
1460           506          63           213          500713            500776
1032           739          62           227          500543            500605
1048           878          61           477          500466            500527
1323           425          61           762          500980            501041
1334           716          61           238          500750            500811
1885           9          60           789          501518            501578
1388           729          59           408          500858            500917
1867           136          58           201          501510            501568
1050           457          58           454          501247            501305
1893           853          57           100          500909            500966
1274           945          57           732          500874            500931
1510           875          57           81          501001            501058
1614           130          57           38          501803            501860
1131           618          57           835          501372            501429
1625           614          56           427          501433            501489
1179           934          56           349          501169            501225
1031           271          54           883          501888            501942
1543           161          53           240          502052            502105
1679           175          51           745          502091            502142
1415           103          49           78          502214            502263
1373           181          48           339          502185            502233
1750           76          47           788          502338            502385
1828           446          45           304          502015            502060
1978           8          45           440          502498            502543
1123           75          45           205          502476            502521
1318           746          45           832          501850            501895
1463           754          43           719          501887            501930
1271           635          42           162          502049            502091
1897           176          42           603          502550            502592
1803           165          41           51          502603            502644
1629           918          41           468          501891            501932
1294           456          40           685          502394            502434
1748           346          39           963          502544            502583
1649           895          39           565          502034            502073
1130           687          39           381          502281            502320
1381           535          38           526          502472            502510
1063           487          37           308          502558            502595
1634           69          37           248          503013            503050
1400           535          35           818          502584            502619
1478           0          35           969          503154            503189
1792           30          27           726          503159            503186
1871           193          21           362          503023            503044
1397           809          20           773          502428            502448
1079           702          20           455          502555            502575
1049           338          18           217          502939            502957
1310           605          18           438          502690            502708
1076           556          18           933          502757            502775
1072           65          18           350          503266            503284
1616           758          17           992          502591            502608
1852           849          16           355          502517            502533
1292           410          16           982          502972            502988
1882           522          16           869          502876            502892
1351           403          15           353          503011            503026
1574           816          14           843          502613            502627
1436           817          14           671          502626            502640
1592           49          12           173          503408            503420
1702           787          11           693          502682            502693
1800           977          10           742          502503            502513
1089           116          8           536          503374            503382
1018           796          7           816          502702            502709
1361           258          7           664          503247            503254
1315           780          6           287          502732            502738
1548           502          6           960          503016            503022
1940           705          4           624          502819            502823
1370           652          3           112          502876            502879
1796           115          3           314          503416            503419
1166           831          0           92          502703            502703
1450           399          0           317          503135            503135
Average waiting time: 334323.085
Average turn around: 334826.11
